# Streaming saturated facets for ray #1381
# Found 11766 saturated out of 8665853 total
# Saturation rate: 0.1358%
# Streaming processing time: 98.8 seconds
# Memory-efficient streaming approach
1
2
3
4
5
6
7
8
9
10
11
12
13
14
15
16
17
18
19
20
21
22
23
24
25
26
27
28
29
30
31
32
33
34
35
36
39
40
41
42
43
44
45
49
50
51
52
53
54
57
58
59
60
61
62
63
64
66
67
68
69
70
72
77
78
79
80
82
87
88
89
97
98
99
100
101
107
108
110
119
120
128
129
130
131
136
138
139
141
146
147
148
149
151
157
158
187
197
207
211
217
227
237
285
288
372
373
374
375
376
377
378
379
380
381
382
383
384
385
386
387
388
389
390
391
392
393
394
395
396
397
399
400
402
403
408
409
410
411
412
413
414
415
416
417
418
419
420
422
423
425
429
430
433
438
456
459
492
495
558
559
560
561
562
563
567
568
569
570
571
572
573
574
575
579
580
582
583
588
589
590
591
592
593
594
595
596
600
602
603
605
615
616
627
639
660
663
674
675
677
686
698
738
739
740
741
742
743
768
915
916
917
918
919
920
921
922
923
948
972
984
987
998
1010
1095
1096
1098
1099
1152
1164
1167
1178
1272
1273
1274
1275
1276
1277
1278
1279
1280
1284
1296
1332
1344
1452
1454
1455
1457
1885
1897
1920
1923
1946
1957
1969
1970
1971
1974
1977
1980
1982
1983
1989
1993
1995
1998
2005
2007
2010
2013
2016
2019
2025
2028
2029
2031
2034
2040
2041
2043
2046
2049
2052
2064
2067
2070
2079
2082
2091
2105
2117
2120
2127
2130
2136
2163
2172
2190
2191
2199
2205
2208
2343
2694
2697
2706
2718
2740
2741
2752
2802
2805
3507
3780
3781
3782
3783
3785
3789
3790
3792
3793
3794
3795
3797
3801
3802
3804
3805
3810
3811
3812
3813
3814
3815
3816
3817
3822
3824
3825
3827
3840
3870
3900
3930
4014
4017
4026
4038
4146
4147
4158
4194
4197
4202
4205
4206
4207
4209
4254
4257
4266
4269
4314
4317
4363
4364
4423
4581
4761
5040
5049
5070
5073
5079
5082
5094
5095
5097
5122
5280
5283
5430
5439
5442
5451
5465
5477
5487
5499
6156
6168
6636
6638
6642
6644
6656
6662
6668
7392
7398
7560
7561
7707
7782
8257
8286
8287
8451
8453
8475
8496
8498
8520
8570
8617
8811
8813
8835
8837
8856
8858
9216
9218
9240
9242
9314
10584
10585
10590
10608
10609
10632
10633
10676
10678
10679
10700
10701
10702
10703
10704
10728
10729
10752
10753
10796
10798
10820
10822
10872
10873
10992
11074
11104
11116
11117
11140
11141
11146
11147
11218
11236
11242
11260
11261
11266
15036
15038
15042
15044
15056
15062
15068
16118
16226
19229
19238
24040
24064
24160
24506
29427
29433
33433
33439
51036
51037
51038
51039
51040
51041
51042
51043
51044
51045
51046
51047
51054
51055
51056
51057
51058
51059
51060
51061
51062
51063
51064
51065
51066
51067
51068
51069
51070
51071
51078
51080
51084
51086
51096
51097
51098
51099
51100
51101
51102
51103
51104
51105
51106
51107
51108
51109
51110
51111
51112
51113
51121
51124
51127
51130
51384
51505
51876
51877
51878
51880
51882
51883
51884
51885
51886
51887
51894
51895
51896
51897
51898
51899
51900
51901
51902
51904
51906
51907
51908
51909
51910
51911
51918
51919
51920
51921
51924
51925
51926
51927
51936
51937
51938
51940
51942
51943
51944
51946
51948
51949
51950
51951
51952
51953
51960
51961
51964
51965
51966
51967
51970
51971
52003
52006
52110
52112
52123
52126
52356
52358
52592
52596
52598
52602
52604
52606
52656
52712
52718
52724
52726
52752
52758
52759
52804
52838
52878
52945
52947
52953
52959
52969
53065
53214
53791
54413
54422
54614
54752
54776
55229
55496
55498
55850
55856
55858
55874
56330
56474
56931
56933
56939
56940
56942
56948
56955
56957
56961
56963
56964
56966
56970
56972
58491
58493
58515
58517
60672
60674
61394
61416
61418
63252
67717
67741
74772
74910
75654
75655
76014
76015
78066
102637
102661
107371
107373
112850
125162
125164
125888
125890
137568
137569
137574
137584
137585
137590
137593
137599
137608
137609
137614
137615
141317
147542
147548
148262
149338
149344
149345
149350
150052
150056
150204
150206
155909
155913
155915
155937
155939
155961
155984
155988
155990
156006
156012
156014
156035
156057
156475
256076
256078
256198
257159
257164
257165
257171
257264
262354
262355
407619
407625
407745
409895
409901
410621
410735
410741
423565
423570
423589
423612
423613
423656
423658
423659
423680
423681
423682
423683
425173
427383
438840
438844
438862
438930
438934
438993
439632
440549
440779
447096
447097
447120
447121
447156
447157
447162
447163
447264
447276
447277
447278
447279
447280
447281
447300
447301
447304
447305
447307
447318
447372
447373
447374
447375
447384
447396
447397
447398
447399
447400
447401
447420
447421
447424
447425
447427
447492
447494
447516
447518
447540
447541
447542
447543
447544
447545
447588
447589
447590
447591
447592
447593
447612
447613
447614
447615
447616
447617
447636
447637
447638
447639
447642
447648
447666
447709
447712
447733
447736
447756
447757
447758
447759
447760
447761
447804
447805
447806
447807
447810
447828
447829
447830
447831
447852
447853
447896
447920
447921
447922
447923
447924
447948
447949
447951
447953
447972
447973
447975
447997
447999
448021
448040
448046
448057
448070
448071
448072
448073
448087
448095
448105
448116
448117
448119
448128
448140
448141
448146
448190
448201
448225
448236
448242
448248
448250
448260
448261
448263
448266
448272
448294
448312
448313
448334
448336
448337
448358
448362
448364
448368
448380
448381
448382
448383
448386
448432
448438
448456
448478
448480
448481
448500
448502
449268
449269
449298
449358
449401
449442
449682
449706
449988
450402
452136
452137
452160
452161
452196
452197
452202
452203
452286
452287
452304
452305
452328
452329
452334
452335
452341
452344
452346
452347
452358
452359
452406
452407
452412
452414
452424
452425
452448
452449
452461
452464
452466
452467
452520
452544
452562
452568
452586
452587
452592
452593
452640
452641
452646
452647
452664
452665
452676
452678
452682
452683
452688
452689
452706
452707
452755
452766
452779
452802
452803
452808
452809
452826
452844
452846
452847
452850
452851
452868
452870
452871
452892
452893
452936
452937
452960
452961
452962
452963
452970
453007
453025
453049
453067
453087
453096
453111
453113
453126
453127
453135
453145
453156
453158
453169
453180
453186
453187
453231
453240
453255
453276
453278
453282
453284
453300
453302
453306
453307
453313
453344
453360
453366
453367
453384
453398
453402
453404
453408
453420
453422
453426
453427
453486
453522
453528
453546
453721
453763
454314
454315
454338
454339
454374
454375
454398
454399
454440
454441
454482
454483
454716
454730
454740
454850
455034
455058
455118
455119
455436
455754
455755
455778
455779
457303
457320
457321
457332
457333
457334
457336
457344
457350
457356
457357
457360
457361
457362
457363
457374
457375
457380
457381
457382
457383
457392
457393
457404
457405
457406
457408
457416
457428
457429
457432
457433
457434
457435
457452
457453
457454
457455
457458
457459
457464
457465
457476
457477
457478
457479
457480
457481
457482
457483
457488
457489
457506
457507
457527
457572
457602
457640
457646
457647
457649
457670
457671
457680
457704
457710
457722
457723
457734
457735
457742
457743
457752
457766
457795
457814
457815
457819
457820
457825
457838
457839
457843
457849
457860
457861
457862
457863
458106
458107
458131
458155
458179
458203
458220
458221
458490
458491
458514
458515
458532
458533
458539
458546
458556
458557
458563
458580
458581
458850
458892
459180
459181
459204
459205
459234
459235
459252
459253
459258
459282
459283
459306
459307
459541
459594
459642
459840
459852
459853
459854
459856
459876
459877
459880
459881
459883
459894
459900
459901
459902
459903
459912
459924
459925
459926
459928
459948
459949
459952
459953
459955
459972
459974
459976
459977
459980
459986
459996
459997
459998
459999
460000
460001
460026
460047
460092
460122
460160
460164
460167
460169
460188
460189
460191
460213
460224
460232
460237
460242
460243
460256
460258
460263
460284
460285
460308
460309
460314
460315
460332
460338
460356
460357
460359
460362
460380
460381
460382
460383
461010
461034
461048
461064
461370
462204
462205
462206
462207
462208
462209
462210
462212
462214
462215
462216
462217
462218
462219
462220
462221
462223
462224
462225
462226
462228
462229
462230
462231
462232
462233
462234
462236
462238
462239
462240
462241
462242
462243
462244
462245
462247
462248
462249
462250
462252
462253
462254
462255
462258
462259
462260
462261
462264
462265
462266
462267
462276
462277
462278
462279
462280
462281
462282
462283
462284
462285
462286
462287
462288
462290
462292
462293
462294
462296
462298
462299
462300
462301
462304
462305
462306
462307
462310
462311
462318
462319
462320
462321
462324
462329
462338
462340
462350
462351
462396
462397
462444
462449
462458
462460
462470
462471
462516
462517
462686
462688
462692
462694
462708
462709
462732
462733
462926
462927
462928
462929
462932
462934
462935
462940
462941
462946
462948
462949
462951
462953
462959
462962
462964
462965
462968
462970
462972
462973
462975
462981
462986
462997
462999
463002
463003
463005
463008
463014
463016
463018
463019
463021
463026
463027
463038
463039
463040
463041
463046
463048
463052
463054
463060
463122
463172
463174
463178
463180
463212
463213
463218
463278
463292
463332
463411
463413
463417
463419
463435
463531
464492
464494
464532
464533
465212
465252
467367
467369
467375
467391
467495
467613
467616
467618
467730
467732
467736
467738
467772
467850
467862
467864
468332
468338
468348
468372
468565
468571
468689
469788
469789
469794
470126
470508
470852
471582
472347
472530
472764
473609
473792
474026
474032
475044
475045
475050
475060
475061
475066
475164
475170
475180
475181
475186
475187
475284
475285
475290
475291
475550
475561
475647
475657
475766
475767
475776
475777
477230
477232
477950
478202
480087
480089
480096
480098
480207
480209
480213
480215
480216
480218
480336
480338
480342
480344
480703
480812
480823
481058
481551
481553
481671
481673
482391
482393
483086
483206
483228
483828
483830
483948
483950
484405
484525
484788
484790
484932
484938
485244
485250
485607
485682
485727
486090
487071
487116
489974
489980
490286
490292
490649
490724
490769
491132
492111
492156
492252
492304
492468
495326
495332
495809
496172
498336
502112
505910
506006
506030
511712
511736
511832
512072
512192
512432
514338
514458
514459
514582
514702
514726
515178
515179
515898
516666
516786
516787
516788
517268
517386
517388
517506
517507
517508
517764
517770
517771
517890
517891
518010
518134
518140
518141
518254
518260
518261
519090
519598
519604
519718
519724
521264
521530
521768
522248
522368
522804
522810
522930
523050
523051
523174
523180
523181
523294
523295
523300
523301
524638
524644
524758
524764
526570
526808
527288
527408
527528
528090
528334
529798
532890
533264
534730
534848
535568
536288
536638
536644
537358
537937
537939
537943
538057
538063
538183
538288
538289
538294
538408
538414
538420
539257
541404
541922
542977
542983
543097
543103
543217
543223
543328
543334
543448
543449
543454
543460
544561
544567
544681
544687
545401
545407
546834
546840
546954
546960
546962
547674
547680
548017
548023
548025
548137
548143
548257
548263
548368
548374
548380
548488
548489
548494
548500
549838
549844
549958
549964
551756
551988
552002
552722
553528
553534
554998
557042
558686
558763
558806
558808
558812
558889
558907
558926
558928
558950
559027
559046
559123
559182
559183
559185
559206
559207
559302
559303
559305
559326
559327
563364
563365
563370
563420
563422
563423
563424
563480
563482
563614
563638
563692
565887
565889
565893
565938
565939
565940
565947
566130
566154
568286
568292
568297
568303
568406
568408
568412
568414
568417
568419
568537
568539
568543
568545
568902
568907
569011
569027
569257
569259
570474
570475
571194
573446
573702
575790
575904
576516
576517
576984
576985
576990
576991
577110
577111
577230
577354
577355
577360
577361
577474
579408
579424
579624
579625
579630
579640
579641
579646
579744
579745
579750
579751
579880
579881
579886
579887
580114
580138
580234
580235
580355
580364
580606
580607
581552
581554
581928
581929
582272
582648
585144
585145
585150
585151
585168
585169
585192
585236
585237
585238
585239
585260
585264
585265
585270
585271
585384
585385
585504
585644
585645
585646
585647
585764
589465
589468
589479
589481
589489
589492
589503
589505
589539
589541
589545
589547
589731
589733
589737
589740
589742
589746
589757
589763
589764
589766
589781
589785
589787
596328
596329
596352
596472
596592
596593
596716
596717
596740
596741
596836
596837
597280
597281
598704
598705
599424
603024
603025
603078
603079
604117
604119
615987
615996
618888
618889
618894
618904
618905
618910
618912
618918
618928
618929
618934
618935
623920
623921
623926
623940
623944
623956
626797
626803
626805
626815
626821
626827
629676
629737
629796
629916
634418
634424
636554
636560
641904
644258
646046
646048
646052
646054
646076
646078
646100
646123
646125
646129
646131
646147
646166
646168
646172
646174
646286
646288
646406
646542
646543
646545
646547
646662
646663
646665
650378
650380
650382
650390
650394
652934
652940
658887
658896
663713
663722
671249
671324
671369
671489
688180
688181
688186
688200
688204
688214
688216
702471
702473
702593
703191
703193
703911
704988
704990
704992
705708
705709
705710
710858
715647
715656
718433
718442
729338
729340
729398
729698
729700
730058
730596
730597
730599
730956
730957
730959
736068
736084
741100
741124
751237
751243
756943
756967
766306
766330
781504
781510
783064
785196
786494
786500
791581
791587
820938
821058
821059
821778
821779
822499
823266
823386
823387
823388
823987
824106
824107
824293
824299
852700
852724
884031
886429
910645
910669
963567
963591
994789
1005781
1005787
1063113
1063137
1093515
1093521
1247563
1249000
1250121
1250373
1251691
1251811
1251835
1253605
1253869
1254349
1254469
1254589
1322988
1322994
1323108
1323114
1323176
1323200
1323224
1323230
1323300
1323306
1323324
1323330
1323418
1323428
1323452
1323494
1323558
1323698
1323706
1323730
1323736
1323780
1323794
1323804
1323823
1323841
1323847
1323876
1323900
1323906
1323924
1323930
1323967
1323973
1324012
1324016
1324026
1324050
1324070
1324142
1324148
1324166
1324172
1328330
1328344
1328390
1328404
1328516
1328522
1328528
1328534
1328633
1328646
1328648
1328696
1328708
1328714
1328720
1328768
1328774
1328780
1328792
1328828
1328852
1328869
1328929
1328935
1328947
1332343
1332457
1332463
1332577
1332984
1333297
1333656
1333658
1333704
1333710
1334023
1334136
1334154
1334498
1334730
1334736
1334850
1334856
1335366
1335456
1335486
1335690
1335696
1337386
1337506
1338696
1338698
1338744
1338962
1339082
1339536
1339778
1340871
1340880
1341210
1341234
1341954
1343426
1343461
1343664
1343707
1344168
1344170
1344288
1344408
1345610
1348423
1348490
1349184
1349186
1349983
1351296
1351298
1352138
1352372
1353474
1353490
1353738
1354176
1354200
1355050
1356362
1356386
1357226
1358706
1360586
1361124
1361494
1362604
1362718
1363922
1364007
1364018
1364024
1364033
1364042
1364222
1364224
1364228
1364230
1364236
1366797
1366799
1366823
1366848
1366850
1366887
1366889
1366893
1366895
1366968
1366970
1366994
1367204
1367263
1367266
1367382
1367384
1367386
1371096
1371157
1372658
1372717
1372719
1372741
1374146
1374808
1374833
1375552
1375576
1375600
1376210
1378086
1379558
1379934
1379950
1380198
1380636
1380660
1382100
1382106
1382826
1385142
1385143
1385148
1385154
1385166
1385167
1385178
1385179
1385238
1385239
1385244
1385245
1385262
1385263
1385268
1385274
1385286
1385287
1385298
1385299
1385370
1385371
1385394
1385395
1385406
1385407
1385412
1385413
1385418
1385419
1385454
1385455
1385460
1385466
1385478
1385479
1385484
1385490
1385502
1385503
1385508
1385509
1385580
1385581
1385604
1385605
1385622
1385623
1385628
1385629
1385634
1385635
1385718
1385814
1385820
1385838
1385839
1385844
1385862
1385868
1385880
1385886
1385940
1385954
1385964
1385983
1386001
1386007
1386066
1386090
1386127
1386186
1386210
1386219
1386229
1386253
1386325
1386349
1386354
1386355
1386379
1390188
1390194
1390206
1390207
1390218
1390219
1390278
1390279
1390284
1390285
1390308
1390314
1390326
1390327
1390338
1390339
1390376
1390398
1390400
1390404
1390410
1390411
1390422
1390424
1390428
1390430
1390434
1390435
1390446
1390447
1390452
1390453
1390458
1390459
1390500
1390506
1390524
1390530
1390542
1390543
1390548
1390549
1390615
1390618
1390620
1390621
1390626
1390628
1390639
1390644
1390645
1390650
1390652
1390662
1390663
1390668
1390669
1390674
1390675
1390694
1390854
1390878
1390879
1390927
1390930
1390936
1391047
1391100
1391106
1391160
1391167
1391173
1391226
1391250
1391270
1391293
1391342
1391346
1391348
1391366
1391370
1391390
1391394
1391395
1391419
1392686
1392806
1395246
1397550
1397636
1399830
1399831
1399854
1399855
1400550
1400551
1400574
1400575
1402861
1402867
1402891
1402902
1402908
1402932
1402987
1403011
1403022
1403028
1403046
1403052
1409844
1409850
1410564
1410570
1414884
1414890
1415126
1415132
1415604
1415610
1415846
1415852
1417718
1417722
1417730
1417733
1417734
1417737
1418498
1418510
1419588
1419960
1420236
1420297
1421798
1421802
1422518
1422564
1423238
1423244
1423284
1423286
1423290
1423615
1423621
1423947
1423953
1423959
1424665
1424679
1425326
1425361
1427604
1427610
1427612
1428278
1428324
1428326
1428330
1428332
1429705
1430588
1432850
1432856
1432861
1432867
1432874
1432876
1432880
1432882
1432885
1432887
1432891
1432893
1434421
1434427
1434445
1434451
1436598
1436604
1437342
1437348
1437880
1437938
1439440
1439441
1439446
1441586
1441596
1442304
1442310
1442316
1444597
1444603
1444717
1446870
1446876
1447596
1447710
1447716
1448220
1448244
1448250
1448263
1448287
1448293
1448340
1448346
1448364
1448370
1448383
1448389
1453704
1453786
1453912
1453930
1454050
1454170
1454228
1454230
1454348
1462956
1468854
1489134
1489530
1504248
1504272
1504273
1504316
1504340
1504342
1504392
1504393
1504512
1504636
1504660
1504661
1504666
1504738
1504756
1504762
1504780
1504781
1504786
1509474
1514377
1514497
1519714
1534480
1539576
1539889
1544750
1549486
1549548
1549790
1568952
1569020
1584100
1584106
1589064
1589146
1594897
1594903
1604980
1604986
1609321
1609327
1613028
1620046
1629678
1629714
1629738
1629798
1629799
1629858
1629859
1651872
1654872
1662552
1666874
1667594
1667596
1706748
1706772
1737060
1737061
1737066
1737067
1742274
1754342
1764643
1764649
1766778
1766830
1769052
1840032
1843608
1853744
1885347
1885349
1885355
1887000
1887001
1887006
1887007
1909949
1910069
1924512
1924513
1924632
1950147
1950171
1954752
1964581
1972512
2017824
2017825
2017830
2017831
2017854
2017855
2017906
2017907
2017912
2017913
2017936
2017937
2018009
2020268
2020382
2025229
2025235
2025246
2025247
2025258
2025259
2025318
2025319
2025324
2025325
2025349
2025355
2025366
2025367
2025378
2025379
2025438
2025444
2025450
2025451
2025462
2025468
2025474
2025475
2025486
2025487
2025492
2025493
2025498
2025499
2025541
2025547
2025565
2025571
2025582
2025583
2025588
2025589
2025655
2025660
2025661
2025666
2025679
2025684
2025685
2025690
2025702
2025703
2025708
2025709
2025714
2025715
2025895
2025918
2025919
2025925
2025949
2025967
2026045
2026086
2026147
2026171
2026182
2026200
2026206
2026267
2026291
2026308
2026332
2026386
2026404
2026410
2026428
2026430
2026434
2026435
2026452
2026458
2030287
2032591
2032677
2034145
2034150
2034151
2034870
2034871
2035590
2036315
2036320
2036321
2036345
2037034
2037040
2037041
2037694
2037733
2042077
2042683
2042750
2044304
2044334
2045054
2045774
2046400
2046418
2046424
2047144
2048453
2048459
2048462
2048468
2048475
2048477
2048481
2048483
2048484
2048486
2048490
2048492
2048588
2048606
2048612
2048708
2049004
2049008
2049010
2049130
2054964
2054970
2055684
2055690
2084052
2088972
2089092
2141486
2141504
2141558
2141598
2141606
2141616
2141630
2189768
2189888
2189976
2189984
2190000
2190008
2190070
2190188
2278593
2280763
2282876
2282878
2282900
2282996
2283302
2283342
2313252
2323152
2323392
2323393
2323512
2323660
2323661
2323666
2323786
2333190
2333276
2333396
2333398
2333420
2358517
2374419
2376533
2383656
2383662
2388696
2388702
2388816
2388936
2398726
2428300
2428306
2433340
2433346
2448484
2448490
2461081
2461087
2497007
2497069
2521524
2521564
2612570
2612572
2612630
2612632
2612807
2614988
2615048
2615986
2624593
2627520
2627521
2635734
2636130
2650032
2650100
2668081
2668083
2677770
2677772
2688002
2726940
2773669
2773687
2773693
2773789
2773813
2773909
2773980
2774004
2774028
2774094
2774100
2774124
2777563
2778804
2778810
2778924
2778930
2780246
2780252
2780366
2780372
2784000
2784002
2794488
2794512
2794513
2794632
2794633
2794753
2794876
2794900
2794901
2794906
2794997
2795020
2795021
2798965
2798971
2799091
2841073
2841075
2860704
2860710
2860824
2860830
2862146
2862152
2862266
2862272
2864623
2875584
2875586
2891202
2911554
2911570
2932412
2951391
2951393
2951417
2951436
2951438
2951462
2951511
2951535
2951580
2951582
2961254
2961260
2976816
2982114
2982130
2998176
2998178
3008256
3008258
3025155
3025157
3025875
3025877
3028016
3028027
3055788
3055790
3071088
3071089
3071112
3071140
3071141
3071164
3071260
3071261
3071284
3071285
3091013
3091022
3100003
3102319
3123710
3123734
3124430
3125492
3125516
3125540
3126206
3132686
3132692
3132710
3132734
3132812
3132930
3132954
3133172
3133194
3133284
3133290
3133292
3133314
3133334
3133404
3133574
3133796
3139374
3147343
3147654
3161905
3161911
3197673
3198043
3612672
3612678
3693552
3693553
3693672
3693673
3715758
3791920
4044961
4199020
4199330
4204226
4271029
4271748
4271749
4329416
4329422
4329542
4331966
4332686
4333170
4333172
4340240
4340264
4340984
4342022
4342046
4342070
4342790
4345280
4345304
4347062
4347086
4347110
4348294
4348295
4363783
4363785
4373054
4373123
4376771
4393279
4393281
4394841
4404954
4404955
4405075
4407238
4407239
4408078
4408079
4408384
4408385
4430226
4430250
4430370
4432483
4432507
4433323
4433347
4438564
4438588
4457653
4458730
4458754
4464550
4464556
4484961
4498022
4498142
5378576
5378577
5378582
5378588
5378589
5378593
5378598
5378599
5378601
5378603
5378666
5378678
5378782
5378868
5378870
5379048
5379051
5379053
5395773
5395797
5396517
5418575
5422360
5422361
5428773
5805198
5805414
5805415
5805612
5805618
5805619
5805732
5805733
5805738
5805739
5898409
5898432
5898529
5898648
5898649
5898842
5898844
5898845
5898962
5898963
5898964
5898965
5948787
5949024
5949150
5949284
5950368
5950371
5950373
5950476
5950488
5950489
5950491
5950588
5950609
5950620
5950638
5950662
5950708
5950709
5950722
5950729
5950734
5950735
5950758
5950772
5951090
5951091
5951093
5951186
5951187
5951196
5951211
5951306
5951308
5951328
5951329
5951428
5951429
5951448
5951449
5951454
5951455
5951810
5951906
5952026
5952048
5952054
5952146
5952147
5952148
5952149
5952168
5952169
5952171
5952174
5952504
5952505
5952506
5952532
5952546
5952624
5952625
5952626
5952650
5952652
5952744
5952745
5952746
5952747
5952750
5952756
5952770
5952830
5952870
5952888
5952889
5952890
5952891
5953225
5953252
5953266
5953267
5953345
5953372
5953464
5953465
5953466
5953467
5953490
5953492
5953493
5953608
5953610
5953827
5954064
5954190
5954324
5955149
5955408
5955528
5955529
5955660
5955678
5955751
5955762
5955774
5955775
5956236
5956471
5956494
5956495
5956586
5957094
5957312
5957586
5957790
5957796
5958042
5958306
5958307
5958869
5959106
5959232
5959362
5960448
5960451
5960453
5960568
5960573
5960618
5960668
5960702
5960720
5960744
5960788
5960816
5960840
5960842
5961168
5961171
5961173
5961266
5961268
5961269
5961288
5961293
5961320
5961338
5961386
5961388
5961408
5961440
5961506
5961507
5961508
5961560
5961562
5961888
5961986
5962008
5962106
5962128
5962134
5962160
5962226
5962227
5962228
5962229
5962248
5962253
5962280
5962584
5962585
5962586
5962688
5962704
5962705
5962706
5962728
5962824
5962826
5962848
5962853
5962854
5962898
5962908
5962968
5962970
5962972
5962973
5962994
5963018
5963305
5963408
5963410
5963425
5963530
5963544
5963545
5963546
5963547
5963568
5963573
5963650
5963688
5963690
5963907
5964144
5964270
5964404
5965740
5965748
5965831
5965854
5965855
5965868
5965870
5965892
5966448
5966551
5966568
5966574
5966575
5966918
5967152
5967168
5967174
5967228
5967288
5967294
5967662
5967666
5967870
5967876
5967896
5967950
5967990
5968364
5968378
5968386
5968410
5968498
5968616
5968712
5969184
5969444
5970552
5970577
5970601
5970660
5970672
5970673
5970697
5970793
5970798
5970799
5970822
5970846
5970895
5970906
5970913
5970918
5970919
5970932
5970966
5970967
5971243
5971296
5971297
5971321
5971357
5971380
5971398
5971399
5971417
5971422
5971466
5971476
5971512
5971513
5971519
5971566
5971590
5971615
5971632
5971633
5971639
5971686
5971687
5971957
5972016
5972077
5972118
5972142
5972186
5972190
5972196
5972232
5972246
5972306
5972310
5972316
5972352
5972353
5972359
5972377
5972383
5972406
5972407
5972718
5972719
5972742
5972760
5972766
5972839
5972856
5972880
5972886
5972910
5972916
5972959
5972976
5972983
5972990
5973030
5973072
5973073
5973096
5973097
5973439
5973480
5973486
5973494
5973559
5973600
5973606
5973679
5973696
5973703
5973720
5973721
5973726
5973727
5973792
5973816
5974226
5974482
5975714
5975840
5975864
5975946
5975956
5975960
5975962
5975970
5976440
5976506
5976560
5976626
5976676
5976680
5976682
5977226
5977230
5977236
5977280
5977286
5977346
5977400
5977758
5977782
5977808
5977974
5978018
5978028
5978114
5978138
5978528
5978534
5978770
5979024
5979030
5979031
5979036
5979037
5979054
5979055
5979078
5979150
5979151
5979156
5979157
5979270
5979271
5979394
5979514
5979515
5979520
5979521
5979746
5979747
5979771
5979866
5979867
5980104
5980105
5980110
5980111
5980152
5980350
5980614
5980615
5980621
5980627
5980734
5980735
5980741
5980830
5980831
5980836
5980837
5980842
5980843
5980855
5980861
5980950
5980951
5980962
5980963
5980975
5981067
5981076
5981340
5981341
5981346
5981347
5981430
5981431
5981436
5981437
5981461
5981550
5981551
5981556
5981557
5981562
5981563
5981574
5981575
5981581
5981670
5981671
5981682
5981683
5981694
5981695
5982060
5982150
5982156
5982270
5982276
5982294
5982524
5982750
5982751
5982756
5982757
5982762
5982763
5982786
5982787
5982870
5982871
5982876
5982877
5982882
5982883
5982900
5982906
5982907
5982990
5982991
5982996
5982997
5983020
5983134
5983135
5983140
5983141
5983471
5983482
5983506
5983591
5983602
5983626
5983854
5983860
5984064
5984065
5984070
5984076
5984077
5984088
5984190
5984196
5984197
5984310
5984434
5984435
5984476
5984554
5984560
5984561
5984787
5984810
5984906
5984907
5984930
5985144
5985150
5985384
5986106
5986117
5986372
5987090
5987342
5987554
5988062
5989104
5989110
5989111
5989116
5989117
5989134
5989230
5989231
5989236
5989237
5989350
5989474
5989594
5989600
5989601
5989827
5989946
5989947
5990184
5990190
5990430
5991058
5991147
5991156
5991420
5991426
5992140
5992376
5992604
5993102
5993588
5994144
5994150
5994156
5994157
5994270
5994276
5994277
5994390
5994391
5994432
5994514
5994634
5994635
5994640
5994641
5994676
5994866
5994986
5995224
5995225
5995231
5995248
5995272
5996071
5996461
5996467
5996550
5996581
5996694
5996700
5996791
5996808
5996814
5997408
5997414
5997420
5997422
5997528
5997534
5997540
5998110
5998116
5998140
5998142
5998184
5998254
5998260
5999184
5999190
5999196
5999197
5999310
5999316
5999317
5999430
5999431
5999472
5999554
5999674
5999675
5999680
5999681
5999716
5999906
5999907
5999931
6000027
6000265
6000270
6000271
6000312
6001105
6001138
6001493
6001611
6001730
6001734
6001825
6001848
6001854
6002448
6002450
6002454
6002456
6002568
6002570
6002574
6003144
6003146
6003168
6003170
6003182
6003264
6003288
6003668
6004254
6004278
6004470
6004512
6004714
6004756
6005304
6005328
6005352
6005934
6006175
6006202
6006637
6006750
6006756
6006792
6006870
6006895
6006912
6007470
6007476
6007512
6007590
6007596
6007632
6008190
6008196
6008220
6008264
6008334
6008340
6009277
6009510
6009624
6009754
6010610
6010706
6010708
6010730
6010732
6010752
6010753
6010824
6010825
6010828
6010829
6010848
6010849
6010852
6010853
6010946
6010947
6010970
6011066
6011113
6011184
6011185
6011209
6011304
6011305
6011306
6011307
6011329
6011331
6011784
6011790
6011791
6011796
6011797
6011910
6011911
6011916
6011917
6012030
6012031
6012072
6012154
6012274
6012275
6012316
6012531
6012864
6012865
6012870
6012871
6012912
6013110
6013374
6013375
6013494
6013495
6013705
6013708
6013827
6013836
6014093
6014186
6014211
6014330
6014425
6014448
6014811
6014931
6015048
6015050
6015284
6015744
6015746
6015768
6015770
6015888
6016824
6016825
6016830
6016836
6016837
6016848
6016849
6016872
6016896
6016897
6016950
6016956
6016957
6016992
6017016
6017017
6017070
6017071
6017112
6017113
6017194
6017195
6017236
6017237
6017314
6017315
6017356
6017357
6017570
6017571
6017691
6017904
6017905
6017910
6017911
6017929
6017952
6017953
6018144
6018413
6018531
6018626
6018627
6018628
6018629
6018651
6018744
6018745
6018748
6018749
6018769
6018866
6018877
6019132
6019133
6019226
6019227
6019251
6019346
6019347
6019371
6019464
6019465
6019488
6019489
6019850
6019946
6020064
6020066
6020088
6020314
6020546
6020547
6020548
6020549
6020570
6020572
6020573
6020666
6020667
6020690
6020784
6020785
6020786
6020787
6020808
6020810
6020928
6020929
6021265
6021268
6021292
6021385
6021648
6021870
6021987
6021996
6022244
6023453
6023571
6023828
6024291
6024420
6024866
6025104
6025128
6025130
6025140
6025142
6025260
6025730
6025848
6025850
6025856
6025896
6026308
6026338
6026568
6026570
6026664
6026688
6028532
6028716
6028944
6028946
6028956
6029006
6029076
6029424
6029546
6029557
6029794
6030629
6030652
6030653
6030770
6030867
6030890
6030892
6030893
6030985
6031012
6031227
6031250
6031345
6031464
6031488
6031490
6031500
6031502
6031544
6031584
6031585
6031587
6031608
6031610
6031704
6031728
6031957
6032190
6032304
6032434
6033509
6033627
6033650
6033770
6033772
6033865
6033888
6033889
6033892
6033893
6033913
6033960
6034229
6034303
6034327
6034347
6034370
6034392
6034416
6034423
6034500
6034518
6034542
6034584
6034585
6034609
6034633
6034638
6034680
6034946
6034970
6035023
6035090
6035143
6035184
6035220
6035222
6035238
6035262
6035264
6035304
6035305
6035307
6035329
6035331
6035340
6035358
6035382
6035666
6035668
6035690
6035692
6035786
6035904
6035906
6035929
6035931
6035942
6035982
6035984
6036024
6036025
6036078
6036102
6036388
6036409
6036412
6036529
6036624
6036626
6036649
6036651
6036744
6037050
6037174
6037464
6037470
6037912
6038552
6038558
6038936
6039456
6039457
6039516
6039517
6039624
6039625
6039630
6039631
6039744
6039775
6039804
6039805
6039807
6039810
6039841
6039864
6039865
6039866
6039867
6039924
6039954
6040004
6040026
6040064
6040066
6040067
6040082
6042036
6042037
6042067
6042108
6042114
6042156
6042157
6042187
6042228
6042384
6042385
6042390
6042391
6042420
6042426
6042444
6042630
6042651
6042660
6042716
6042744
6042747
6042750
6042751
6042773
6042786
6042787
6042804
6042864
6042866
6042867
6042906
6042907
6042984
6043010
6043020
6043064
6043124
6043125
6043154
6043184
6043206
6043244
6043246
6043247
6043320
6043326
6043327
6044340
6047076
6047077
6047106
6047107
6047124
6047148
6047149
6047154
6047155
6047167
6047178
6047196
6047197
6047226
6047227
6047244
6047268
6047269
6047287
6047340
6047341
6047364
6047365
6047382
6047383
6047388
6047389
6047424
6047425
6047430
6047431
6047460
6047461
6047466
6047467
6047484
6047485
6047502
6047508
6047526
6047574
6047575
6047586
6047587
6047598
6047599
6047646
6047647
6047670
6047691
6047700
6047756
6047786
6047787
6047811
6047826
6047827
6047844
6047868
6047874
6047875
6047898
6047904
6047906
6047907
6047947
6047988
6048024
6048025
6048048
6048061
6048085
6048102
6048108
6048164
6048165
6048181
6048192
6048205
6048222
6048246
6048284
6048285
6048295
6048318
6048319
6048362
6048366
6048367
6048661
6048895
6049380
6049381
6049470
6049471
6049602
6049603
6049614
6049615
6049722
6049723
6050190
6050790
6050791
6050910
6050911
6053298
6053300
6053304
6053306
6053341
6053344
6053347
6053350
6053980
6053986
6053987
6054011
6054012
6054036
6054038
6054042
6054048
6054060
6054061
6054066
6054067
6054106
6054258
6054259
6054338
6054378
6054456
6054565
6055482
6058334
6058340
6059009
6059084
6060471
6060612
6060664
6063372
6063378
6063684
6063690
6064047
6064122
6064167
6064530
6068388
6068394
6068395
6068404
6068410
6068411
6068412
6068413
6068418
6068419
6068428
6068429
6068436
6068437
6068442
6068443
6068652
6069096
6069097
6069121
6069156
6069157
6069163
6069216
6069565
6070674
6070675
6070718
6070836
6071053
6071394
6071438
6073433
6073442
6073647
6073656
6074132
6074156
6074370
6074386
6080030
6080054
6082170
6083508
6083514
6083524
6083530
6083532
6083533
6083538
6083539
6083548
6083549
6083556
6083557
6083562
6083563
6083772
6084216
6084217
6084241
6084276
6084277
6084283
6085836
6085860
6086516
6086556
6088548
6088549
6088554
6088564
6088565
6088570
6088572
6088573
6088578
6088579
6088596
6088597
6088602
6088603
6088764
6088780
6089246
6089247
6089271
6089317
6089322
6089323
6090108
6090109
6090132
6090133
6090812
6091532
6095009
6095020
6095724
6095729
6095738
6095740
6095846
6095852
6095857
6095863
6096566
6096572
6096577
6096579
6096583
6096585
6097288
6097292
6097294
6097362
6098631
6098633
6098640
6098642
6098657
6098663
6098664
6098666
6098688
6098690
6098694
6098696
6099343
6099356
6099367
6099410
6100193
6101630
6102374
6103140
6103671
6103680
6104370
6105231
6106548
6107412
6108713
6108722
6109412
6109436
6110273
6111590
6111614
6112454
6113736
6113737
6113760
6113761
6113796
6113797
6113802
6113803
6113863
6113866
6113970
6113972
6113983
6113986
6114216
6114218
6114468
6114474
6114475
6114484
6114490
6114491
6114492
6114493
6114498
6114499
6114516
6114517
6114523
6114594
6114595
6114618
6114619
6114698
6114818
6118764
6118795
6120296
6122743
6123452
6123463
6124898
6125076
6126374
6126380
6126614
6126616
6126734
6127118
6127124
6128558
6128582
6129278
6131412
6131418
6131737
6131796
6133910
6133912
6133916
6133921
6133923
6133927
6133934
6133940
6133945
6133947
6133958
6133960
6133964
6133966
6134126
6134137
6134620
6134642
6134644
6134678
6134684
6134860
6136170
6136180
6136181
6136186
6136188
6136189
6136890
6136891
6136908
6136909
6136914
6137484
6137485
6137490
6137491
6137604
6137605
6137610
6137611
6138950
6138956
6138958
6138961
6138967
6138969
6138974
6138980
6138985
6138987
6138998
6139000
6139004
6139006
6139172
6139183
6139658
6139660
6139684
6139718
6139720
6139726
6139778
6139898
6141218
6141224
6141938
6143991
6144000
6144207
6144216
6144690
6144810
6145551
6146868
6147084
6147732
6149016
6149017
6149018
6149020
6149023
6149024
6149025
6149026
6149034
6149036
6149038
6149039
6149040
6149041
6149042
6149044
6149047
6149048
6149049
6149050
6149058
6149059
6149060
6149061
6149064
6149065
6149066
6149067
6149076
6149077
6149078
6149080
6149082
6149083
6149084
6149086
6149088
6149090
6149092
6149093
6149100
6149101
6149104
6149105
6149106
6149107
6149110
6149111
6149726
6149727
6149729
6149732
6149734
6149735
6149740
6149746
6149748
6149751
6149753
6149759
6149762
6149764
6149768
6149770
6149772
6149773
6149775
6149781
6149786
6149797
6149802
6149803
6149808
6149814
6149816
6149818
6149819
6149821
6149826
6149827
6149838
6149839
6149840
6149841
6149852
6149969
6149978
6150018
6150222
6151322
6151362
6154094
6154100
6154769
6154844
6159096
6159097
6159098
6159099
6159100
6159101
6159103
6159104
6159105
6159106
6159114
6159116
6159118
6159119
6159120
6159121
6159122
6159123
6159124
6159125
6159127
6159128
6159129
6159130
6159138
6159139
6159140
6159141
6159144
6159145
6159146
6159147
6159156
6159157
6159158
6159159
6159160
6159161
6159162
6159163
6159164
6159165
6159166
6159167
6159168
6159170
6159172
6159173
6159180
6159181
6159184
6159185
6159186
6159187
6159190
6159191
6159218
6159220
6159276
6159277
6159338
6159340
6159396
6159397
6159566
6159568
6159572
6159574
6159588
6159589
6159612
6159613
6159806
6159807
6159808
6159809
6159812
6159814
6159815
6159820
6159821
6159826
6159828
6159829
6159831
6159833
6159839
6159842
6159844
6159845
6159848
6159850
6159852
6159853
6159855
6159861
6159866
6159877
6159879
6159882
6159883
6159885
6159888
6159894
6159896
6159898
6159899
6159901
6159906
6159907
6159918
6159919
6159920
6159921
6159926
6159928
6159932
6159934
6159940
6160052
6160054
6160058
6160060
6160092
6160093
6160098
6160172
6160212
6160291
6160293
6160297
6160299
6160411
6161372
6161374
6161412
6161413
6162092
6162132
6164126
6164148
6164164
6164203
6165686
6165688
6165692
6169183
6169186
6169194
6169196
6169207
6169210
6169248
6169250
6169296
6169297
6169416
6169417
6169644
6169645
6169650
6169651
6169911
6169913
6169917
6169920
6169922
6169926
6169935
6169941
6169944
6169946
6169970
6169974
6169976
6170031
6170124
6170154
6170155
6170244
6170245
6170268
6170274
6170275
6170412
6170582
6174230
6174241
6174924
6174948
6179249
6179294
6179324
6179358
6181548
6182268
6182269
6182274
6182970
6183258
6184289
6184334
6184364
6184398
6185847
6185849
6185855
6186575
6187172
6187178
6187296
6188010
6188012
6188016
6188018
6188605
6188611
6188742
6188744
6190897
6190903
6192210
6192212
6192332
6192339
6193044
6193046
6193052
6193058
6193068
6193070
6193645
6193648
6193651
6193654
6193764
6193766
6193768
6193772
6193774
6193788
6193790
6195816
6195817
6195818
6195823
6195936
6195937
6195938
6195940
6195943
6195946
6196000
6196001
6196024
6196532
6196536
6196537
6196538
6196543
6196650
6196652
6196657
6196660
6196663
6196666
6196721
6197252
6197253
6197254
6197255
6197256
6197257
6197258
6197259
6197294
6197316
6197318
6197370
6197371
6197372
6197374
6197377
6197379
6197380
6197381
6197412
6197441
6197968
6197972
6197974
6197978
6198084
6198085
6198086
6198088
6198091
6198094
6198108
6198110
6198132
6198156
6198348
6198468
6198688
6198689
6198692
6198693
6198694
6198695
6198712
6198736
6198804
6198805
6198806
6198807
6198808
6198809
6198811
6198813
6198814
6198815
6198828
6198829
6198830
6198852
6198853
6199068
6199430
6199441
6200124
6200148
6200369
6200378
6204444
6204475
6205592
6205646
6205765
6205952
6206964
6207046
6208647
6208885
6209132
6209366
6209367
6209388
6209389
6209508
6209604
6209605
6209632
6209633
6209752
6209852
6210108
6210228
6210352
6210353
6210829
6210948
6210949
6212018
6212080
6214172
6214174
6214442
6214892
6215988
6217094
6217100
6217334
6217336
6217454
6217844
6218780
6219278
6219302
6219524
6219742
6219998
6221108
6222132
6222138
6222372
6222373
6222492
6222493
6222817
6222876
6222937
6223284
6223837
6224053
6224318
6224556
6224557
6224658
6224659
6224772
6224773
6225038
6225378
6227151
6227160
6227367
6227376
6227970
6228090
6235094
6237218
6237280
6240134
6241188
6242383
6242386
6242490
6242492
6242503
6242506
6242736
6242738
6242976
6242994
6243010
6243037
6243096
6243098
6243102
6243114
6243115
6243138
6244656
6247286
6247308
6247324
6247363
6249564
6249565
6250284
6250344
6257390
6257401
6258927
6258937
6259070
6259072
6259190
6259530
6259540
6259541
6259546
6259646
6259647
6259656
6259657
6260250
6260260
6260261
6260964
6260965
6260970
6260971
6264121
6264570
6265290
6265291
6265332
6265554
6266388
6266394
6266508
6267108
6267360
6267470
6267481
6269150
6274047
6276210
6279100
6279692
6279697
6279703
6279804
6279820
6279961
6280412
6280417
6280419
6281126
6281128
6281132
6281134
6281246
6281760
6282593
6282602
6284271
6285494
6285684
6285804
6286548
6287633
6287642
6289884
6294226
6295536
6295538
6296376
6296724
6300111
6300348
6302736
6302797
6304416
6304417
6304440
6304441
6304477
6304890
6304891
6305137
6305154
6305155
6305160
6305161
6305610
6305611
6305652
6305874
6305875
6305898
6306571
6306690
6306691
6306710
6306732
6306830
6306960
6307680
6307681
6307722
6307790
6307801
6309446
6309447
6309448
6309449
6309470
6309471
6309472
6309473
6309481
6309566
6309590
6309712
6309713
6309832
6309930
6309972
6310166
6310167
6310168
6310169
6310188
6310189
6310191
6310193
6310286
6310406
6310407
6310430
6310432
6310433
6310552
6310650
6310651
6310692
6310693
6310886
6310887
6310908
6310909
6310911
6310914
6311006
6311007
6311031
6311126
6311127
6311150
6311629
6311631
6311726
6311727
6311748
6311749
6311751
6311754
6311846
6311868
6311964
6311966
6311988
6311990
6312349
6312468
6312469
6312684
6312685
6312686
6312687
6312708
6312709
6312710
6312711
6312720
6314487
6315948
6316068
6316764
6317844
6317926
6320148
6330818
6332988
6334272
6334278
6334512
6334513
6334632
6334633
6335958
6335959
6335977
6336078
6336079
6336193
6336199
6336458
6336696
6336697
6336798
6336799
6336912
6336913
6336918
6336919
6337178
6337518
6338286
6338287
6339006
6339314
6339320
6339989
6340064
6346632
6346707
6346848
6346944
6347092
6355723
6355836
6355837
6355980
6355986
6356094
6356095
6356106
6356107
6356196
6356197
6356220
6356221
6356316
6356340
6356454
6356455
6356556
6356557
6356574
6356575
6356580
6356581
6356606
6356666
6356667
6356676
6356677
6356689
6356691
6356694
6356695
6356700
6356701
6356790
6356791
6356796
6356797
6357566
6357567
6357626
6357627
6357660
6357696
6357697
6357756
6357757
6357760
6357761
6357768
6357769
6357792
6357793
6357806
6357807
6357816
6357817
6357818
6357840
6357877
6357937
6357940
6357941
6357949
6357986
6357987
6357997
6357999
6358009
6358021
6358046
6358047
6358057
6358059
6358060
6358061
6358069
6358081
6358104
6358105
6358106
6358107
6359847
6359964
6359965
6359967
6360085
6360108
6360109
6360114
6360205
6360228
6360229
6360232
6360233
6360234
6360253
6360258
6360259
6360300
6360566
6360567
6360687
6360708
6360709
6360711
6360804
6360805
6360828
6360924
6360925
6360948
6360952
6360953
6360978
6360979
6361286
6361288
6361289
6361409
6361428
6361433
6361524
6361548
6361550
6361552
6361553
6361578
6361644
6361645
6361647
6361668
6361670
6361672
6361673
6361698
6362028
6362029
6362148
6362246
6362268
6362270
6362292
6362316
6362364
6362365
6362366
6362367
6362728
6362749
6362750
6362751
6362752
6362826
6362827
6362846
6362848
6362870
6362872
6362966
6362968
6362969
6362988
6362990
6362992
6362993
6363084
6363086
6363088
6363089
6363564
6363824
6364908
6365029
6365168
6365288
6365290
6365749
6366468
6367192
6367312
6367318
6367798
6367912
6367918
6368032
6368038
6368366
6368605
6368731
6368865
6370057
6370081
6370177
6370201
6370207
6370291
6370314
6370315
6370326
6370327
6370339
6370386
6370662
6370717
6370777
6370801
6370818
6370837
6370897
6370932
6371010
6371011
6371034
6371052
6371106
6371376
6371437
6371557
6371610
6371630
6371634
6371640
6371652
6371676
6371730
6371731
6371737
6371750
6371754
6371760
6371772
6371796
6372103
6372121
6372127
6372330
6372336
6372354
6372360
6372378
6372396
6372402
6372450
6372451
6372492
6372516
6372822
6372835
6372846
6373050
6373056
6373074
6373080
6373170
6375013
6375037
6375132
6375133
6375157
6375253
6375258
6375259
6375277
6375283
6375307
6375355
6375366
6375373
6375378
6375379
6375426
6375427
6375756
6375757
6375780
6375817
6375858
6375859
6375877
6375883
6375972
6375973
6375978
6375997
6376027
6376050
6376092
6376093
6376098
6376146
6376147
6376417
6376476
6376537
6376578
6376646
6376650
6376656
6376692
6376698
6376722
6376766
6376770
6376776
6376812
6376813
6376818
6376837
6376842
6376866
6376867
6377178
6377179
6377203
6377221
6377227
6377298
6377341
6377347
6377370
6377376
6377394
6377400
6377418
6377436
6377442
6377490
6377532
6377533
6377556
6377557
6377899
6377940
6377946
6378060
6378066
6378138
6378156
6378162
6378180
6378181
6378186
6378187
6378252
6378276
6380407
6381087
6381456
6381576
6381687
6381807
6382218
6382242
6382938
6383508
6383509
6383532
6383652
6383772
6383773
6383896
6383897
6384016
6384017
6384040
6384041
6387524
6388530
6388531
6388536
6388537
6388554
6388555
6388650
6388651
6388656
6388657
6388770
6388771
6389014
6389015
6389020
6389021
6389246
6389366
6389604
6389605
6389611
6390114
6390115
6390120
6390126
6390234
6390235
6390240
6390331
6390337
6390354
6390360
6390451
6390474
6390840
6390841
6390846
6390847
6390930
6390931
6390937
6390960
6391050
6391051
6391057
6391063
6391074
6391075
6391080
6391170
6391171
6391183
6391194
6391195
6391890
6391891
6391897
6391903
6391914
6391915
6391920
6392250
6392256
6392262
6392263
6392286
6392287
6392370
6392376
6392382
6392383
6392401
6392406
6392407
6392490
6392496
6392521
6392634
6392635
6392640
6392641
6393210
6393216
6393222
6393223
6393241
6393246
6393247
6393504
6393505
6393516
6393517
6393576
6393577
6393630
6393631
6393694
6393695
6393754
6393755
6393760
6393761
6393866
6393867
6393927
6394045
6394050
6394051
6394289
6394347
6394407
6394465
6394648
6394649
6394707
6394767
6394824
6394825
6395184
6395185
6395187
6395366
6395368
6395369
6395426
6395484
6395486
6395544
6395545
6395844
6395846
6396086
6396640
6396698
6397176
6397177
6398690
6399050
6399156
6399396
6399516
6399894
6399895
6399918
6400360
6400361
6400586
6400706
6402403
6402523
6403243
6404904
6404910
6404911
6405030
6405031
6405150
6405151
6405274
6405394
6405395
6405400
6405401
6406858
6408902
6410066
6410077
6411532
6411650
6412370
6413090
6413811
6413929
6413931
6414529
6414649
6414651
6414985
6415107
6415116
6415355
6416189
6416212
6416213
6416307
6416331
6416427
6416451
6416452
6416453
6416573
6416667
6416787
6416811
6416904
6417024
6417144
6417145
6417147
6417169
6417171
6417265
6417289
6418766
6418772
6418892
6419012
6419014
6419131
6419137
6419139
6419251
6419253
6419257
6419259
6420595
6420601
6420715
6420721
6422514
6422760
6423480
6427579
6434646
6434664
6434766
6434880
6435066
6435067
6435186
6439526
6439603
6439652
6439729
6439747
6439867
6440046
6440047
6440166
6444204
6444210
6444263
6444320
6444322
6444478
6444532
6447086
6447088
6447092
6447110
6447112
6447134
6447174
6447175
6447177
6447198
6447199
6447201
6447206
6447230
6447294
6447295
6447318
6447319
6447571
6447601
6447643
6447715
6447739
6453121
6453841
6458031
6458033
6458729
6458751
6458753
6459473
6460260
6460262
6460980
6460982
6460984
6461489
6461564
6463047
6463049
6463055
6463767
6463769
6465222
6465224
6465226
6465942
6465944
6471590
6471601
6473152
6473174
6473857
6473872
6474590
6475380
6475381
6476100
6476101
6478193
6478896
6478913
6479631
6480420
6481140
6481141
6481656
6481717
6483216
6483218
6483222
6483279
6483301
6483936
6483942
6484021
6484656
6484717
6485368
6485369
6485375
6485392
6485393
6486088
6486089
6486095
6486112
6486113
6489696
6491128
6491152
6501818
6501880
6503441
6503464
6504184
6505549
6505551
6506269
6508416
6508418
6508481
6508504
6509138
6509224
6509858
6509920
6510565
6510567
6510573
6510589
6510591
6511285
6511287
6511293
6511309
6511311
6513460
6513461
6513466
6513516
6514180
6514186
6514900
6514958
6515605
6515607
6515611
6515629
6515631
6516325
6516327
6516331
6516349
6516351
6516940
6516941
6516946
6516978
6516979
6516980
6517758
6517759
6518808
6519460
6519461
6519466
6519498
6519499
6519500
6521328
6522687
6522711
6527636
6530247
6530249
6530253
6530271
6530273
6530334
6530335
6530336
6530358
6530360
6530367
6530730
6530760
6537108
6537828
6537829
6544112
6548382
6551258
6553408
6554740
6554741
6554746
6554764
6554770
6554797
6554799
6554803
6554821
6554827
6556357
6558468
6559780
6559786
6559804
6559810
6559828
6559837
6559843
6559861
6559863
6559867
6561421
6563540
6563558
6566521
6571561
6571567
6571670
6571681
6574068
6574075
6574794
6574800
6574910
6574916
6574921
6574927
6574934
6574936
6574940
6574942
6574945
6574947
6574951
6574953
6576481
6576487
6576494
6576505
6576511
6578700
6578707
6578718
6579426
6579432
6579950
6579961
6581521
6584964
6585046
6586525
6586530
6587245
6587964
6588704
6588706
6589424
6590017
6590041
6595058
6595062
6595070
6595073
6595074
6595838
6595850
6596953
6597312
6599126
6601291
6602609
6602633
6604193
6606374
6610178
6610180
6610182
6610183
6610184
6610185
6610186
6610187
6610194
6610195
6610196
6610197
6610198
6610199
6610202
6610204
6610206
6610207
6610208
6610209
6610210
6610211
6610218
6610219
6610220
6610221
6610224
6610225
6610226
6610227
6610238
6610240
6610244
6610246
6610248
6610249
6610250
6610251
6610252
6610253
6610260
6610261
6610264
6610265
6610266
6610267
6610270
6610271
6610889
6610892
6610893
6610894
6610895
6610900
6610906
6610907
6610913
6610916
6610917
6610918
6610919
6610922
6610928
6610929
6610934
6610935
6610940
6610941
6610946
6610947
6610958
6610964
6610968
6610969
6610970
6610971
6610974
6610975
6610980
6610981
6610986
6610987
6610998
6610999
6611026
6611135
6611144
6611376
6612482
6615228
6615234
6615244
6615250
6615252
6615253
6615258
6615259
6615274
6615275
6620964
6620970
6620971
6620988
6621012
6621057
6621059
6621090
6625334
6625340
6625574
6625576
6626009
6626084
6626892
6626894
6627471
6627473
6627497
6627518
6627542
6627612
6627664
6628191
6628215
6628956
6628958
6628980
6628982
6629100
6629102
6630351
6630353
6630357
6630359
6630360
6630362
6630366
6630368
6630384
6630386
6630399
6630401
6630405
6630407
6630701
6630723
6630725
6630759
6630765
6631060
6631061
6631067
6631413
6631414
6631415
6631418
6631419
6631420
6631421
6631424
6631425
6631427
6631772
6631778
6632124
6632125
6632126
6632127
6632130
6632131
6632132
6632133
6632137
6632139
6632485
6632491
6632851
6632870
6632881
6632937
6635136
6635142
6635856
6635900
6637934
6637998
6640886
6642342
6643644
6643645
6643650
6643668
6643669
6643692
6643736
6643760
6643762
6643763
6643788
6643908
6644223
6644225
6648684
6648690
6648691
6648708
6648732
6648776
6648777
6648800
6648802
6648803
6648954
6653031
6653033
6653037
6653040
6653042
6653046
6653055
6653057
6653061
6653063
6653064
6653066
6658070
6658072
6658076
6658081
6658083
6658087
6658094
6658100
6658105
6658107
6663133
6663139
6663372
6663806
6663883
6664818
6665556
6665773
6667146
6668151
6668153
6668157
6668160
6668162
6668166
6668177
6668183
6668184
6668186
6674607
6674617
6674750
6674752
6675326
6675327
6675336
6675337
6675444
6675445
6675460
6675461
6676164
6676170
6676180
6676181
6676186
6676187
6676884
6676890
6676891
6678268
6678269
6678492
6684689
6684700
6684828
6684829
6685404
6685420
6686846
6686852
6689006
6689012
6689014
6689030
6689054
6689094
6689095
6689097
6689099
6689118
6689119
6689121
6689132
6689502
6695856
6695857
6695858
6695860
6695862
6695863
6695864
6695865
6695866
6695867
6695874
6695875
6695876
6695877
6695878
6695879
6695880
6695881
6695882
6695884
6695886
6695887
6695888
6695889
6695890
6695891
6695899
6695901
6695905
6695907
6695916
6695917
6695918
6695920
6695922
6695923
6695924
6695926
6695928
6695929
6695930
6695931
6695932
6695933
6695940
6695945
6695946
6695951
6695983
6695986
6696090
6696092
6696103
6696106
6696336
6696338
6696564
6696566
6696570
6696571
6696572
6696574
6696576
6696578
6696582
6696584
6696588
6696590
6696594
6696595
6696596
6696598
6696601
6696604
6696607
6696610
6696613
6696619
6696625
6696637
6696640
6696643
6696646
6696649
6696651
6696652
6696653
6696657
6696659
6696665
6696671
6696681
6696818
6696824
6698138
6698144
6702421
6703094
6703141
6703176
6703193
6703238
6703889
6703895
6703896
6703911
6703913
6703935
6703937
6703956
6703958
6704558
6704676
6704678
6704700
6708927
6708933
6712423
6712426
6713130
6713146
6713247
6713256
6713967
6713969
6713973
6713975
6713976
6713978
6714576
6714578
6714696
6714702
6714704
6716011
6716030
6716041
6716097
6718314
6718315
6719034
6723354
6727598
6727599
6727621
6727656
6727658
6727718
6727719
6727720
6727721
6727741
6727744
6728294
6728318
6728319
6728341
6728376
6728414
6728438
6728439
6728461
6728974
6728975
6729014
6729015
6729016
6729017
6729036
6729037
6729038
6729039
6729095
6729096
6729134
6729135
6729136
6729137
6729156
6729157
6729158
6729159
6729712
6729713
6729734
6729735
6729736
6729737
6729758
6729808
6729809
6729815
6729830
6729831
6729832
6729833
6729854
6729855
6729876
6729878
6730049
6730412
6730413
6730432
6730433
6730454
6730455
6730456
6730457
6730527
6730528
6730529
6730533
6730535
6730548
6730549
6730550
6730551
6730552
6730553
6730572
6730573
6730574
6730575
6730769
6744134
6746496
6746497
6746498
6746499
6746616
6746617
6746618
6746619
6746732
6746733
6746734
6746735
6746736
6746737
6746738
6746739
6746848
6746849
6746852
6746853
6746854
6746855
6746968
6746969
6746972
6746973
6746974
6746975
6747145
6747147
6752150
6752152
6752156
6752158
6752161
6752163
6752167
6752169
6752174
6752180
6752185
6752187
6753337
6753339
6754412
6754414
6755132
6762234
6762252
6763716
6763717
6764149
6764208
6764209
6769814
6769878
6780204
6780205
6780210
6780211
6780228
6780229
6780252
6780296
6780297
6780298
6780299
6780320
6782425
6782427
6782654
6782656
6782774
6783098
6783122
6784599
6784623
6785319
6792473
6792482
6794151
6794389
6794656
6794844
6794845
6794870
6795088
6795089
6795109
6795374
6795564
6795684
6795808
6795809
6796285
6796308
6796404
6796405
6796428
6797492
6797574
6802766
6802777
6807567
6807612
6807642
6807680
6809853
6809894
6810575
6810616
6812630
6812632
6812636
6812641
6812643
6812647
6812654
6812656
6812660
6812662
6812665
6812667
6814190
6814192
6814214
6814216
6814934
6814936
6815654
6816373
6816375
6816397
6816399
6817093
6817662
6817667
6817675
6817677
6817686
6817691
6817729
6817731
6817776
6817777
6817896
6817897
6818124
6818125
6818130
6818131
6818390
6818392
6818396
6818401
6818403
6818407
6818414
6818420
6818451
6818455
6818457
6818485
6818487
6818490
6818491
6818605
6818606
6818607
6818724
6818864
6818865
6818866
6818867
6818984
6829033
6829039
6829272
6829273
6829392
6829706
6830593
6830595
6831170
6831172
6831194
6831219
6831315
6831360
6831890
6831914
6832657
6832659
6832681
6832683
6832801
6832803
6834073
6834079
6834746
6834823
6835633
6841235
6841953
6843048
6844120
6844178
6846272
6846274
6846542
6846992
6849866
6849867
6849868
6849869
6849880
6849881
6850224
6850225
6850227
6850229
6850238
6850240
6850241
6850584
6850585
6850587
6850593
6850598
6850604
6850606
6850607
6850945
6850947
6850950
6850951
6850953
6851305
6851310
6851311
6851316
6851317
6851319
6851322
6851323
6851324
6851325
6853106
6853108
6853112
6861745
6861771
6861780
6861827
6864073
6864146
6864168
6864385
6864412
6864752
6864792
6868368
6868392
6869793
6869796
6869798
6874836
6874838
6876914
6876920
6881919
6881921
6881943
6881945
6881979
6881981
6881985
6881987
6882171
6882173
6882177
6882180
6882182
6882186
6882197
6882203
6882204
6882206
6882221
6882225
6882227
6890188
6890201
6890328
6890329
6890448
6890796
6890798
6890905
6890921
6891513
6891516
6891518
6892227
6892229
6892233
6892235
6892347
6892353
6905451
6905453
6905571
6906291
6907013
6907728
6907730
6907848
6907850
6908450
6909157
6909159
6909163
6909165
6909183
6909189
6909216
6909218
6909224
6909230
6915055
6921411
6921413
6921419
6921420
6921422
6921428
6921435
6921441
6921468
6921470
6921474
6921476
6921629
6921638
6922110
6922112
6922134
6922150
6922194
6922196
6922232
6922352
6923672
6923674
6926451
6926453
6926460
6926462
6926475
6926477
6926481
6926483
6926484
6926486
6928011
6928013
6928035
6928037
6928755
6928757
6930192
6930194
6930216
6930218
6931491
6931493
6931497
6931500
6931502
6931506
6931515
6931517
6931521
6931523
6931524
6931526
6943250
6943252
6943370
6944090
6944810
6945529
6945531
6945649
6945651
6946249
6959557
6959559
6963269
6963989
6978624
6978626
6979251
6979253
6979346
6979488
6979490
6979585
6979713
6979715
6979971
6979973
6980091
6980093
6980928
6981024
6981026
6981048
6981050
6984033
6984753
6984755
6985970
6987746
6987747
6987748
6987749
6987808
6987809
6987868
6987869
6988104
6988105
6988107
6988109
6988169
6988226
6988228
6988229
6988286
6988350
6988351
6988464
6988465
6988467
6988527
6988586
6988825
6988827
6988884
6988885
6988887
6989008
6989009
6989185
6989244
6989245
6989364
6989365
6989366
6989367
6996674
6997394
6997396
6999531
6999537
6999540
6999546
6999557
6999563
6999564
6999566
6999588
6999590
6999594
6999596
7000243
7000246
7000254
7000270
7000308
7000310
7001814
7004594
7004658
7014914
7015034
7015344
7015426
7015464
7016808
7016809
7016832
7016860
7016861
7016884
7017024
7017025
7017528
7017529
7017552
7017553
7017744
7017745
7024764
7024766
7025918
7029768
7029784
7029985
7030001
7030466
7030543
7030707
7030716
7031328
7034813
7034822
7036467
7036954
7037187
7037208
7037209
7037424
7037452
7037453
7037672
7037928
7038048
7038172
7038173
7038648
7038744
7038768
7038769
7039838
7039900
7051587
7051825
7052306
7052307
7052328
7052329
7052449
7052544
7052545
7052572
7052573
7052693
7052792
7053048
7053168
7053292
7053293
7053768
7053888
7053889
7060776
7060778
7060800
7070280
7071384
7071386
7071615
7071617
7071735
7073558
7073582
7074278
7076424
7076426
7081780
7081781
7081786
7081787
7081805
7081811
7081836
7081838
7081842
7081848
7081860
7081866
7084300
7084301
7084306
7084307
7084325
7084331
7084356
7084358
7084362
7084368
7084380
7084386
7087180
7087181
7087186
7087204
7087210
7087237
7087239
7087243
7087261
7087267
7092207
7092209
7092213
7092215
7092237
7092239
7092282
7092284
7092288
7092290
7092327
7092329
7092333
7092335
7092447
7092449
7092702
7092703
7092704
7092706
7092822
7092824
7097256
7097258
7097282
7097306
7097317
7097319
7097325
7097341
7097343
7097349
7101594
7101604
7101605
7101610
7101618
7101628
7101629
7107336
7107338
7107344
7107362
7107368
7107386
7107397
7107399
7107405
7107421
7112376
7112378
7112382
7112402
7112426
7112437
7112439
7112445
7112451
7112461
7112463
7112469
7117057
7117059
7117063
7117065
7117075
7117081
7117087
7119954
7119970
7124618
7124620
7124622
7124630
7124634
7127161
7135066
7135128
7135186
7135306
7140120
7145151
7145153
7145160
7145162
7145175
7145181
7145184
7145186
7150180
7150181
7150186
7150187
7150204
7150210
7150237
7150239
7150243
7150249
7150261
7150267
7154568
7154570
7160604
7165286
7165288
7165292
7165310
7165312
7165334
7165374
7165375
7165377
7165398
7165399
7165401
7169634
7169635
7169644
7169645
7169650
7169651
7169658
7171884
7171885
7172604
7175369
7175444
7180418
7180442
7185458
7185482
7192050
7192770
7195600
7195606
7200578
7200640
7205618
7205680
7215396
7215402
7218226
7218288
7235161
7240176
7255298
7255322
7266087
7266089
7266095
7266111
7266113
7266135
7266174
7266176
7266178
7266198
7266199
7266200
7270444
7275480
7281280
7281286
7286281
7286287
7286305
7286320
7286326
7296400
7296406
7300718
7300724
7306420
7306421
7306426
7306444
7306450
7306477
7306479
7306483
7306501
7306507
7306886
7311460
7311484
7311580
7311926
7316500
7316524
7321540
7321541
7321546
7321564
7321570
7321597
7321599
7321603
7321621
7321627
7350110
7350228
7350230
7350308
7353627
7353687
7353747
7353812
7353869
7353872
7354419
7354479
7354604
7355565
7355626
7355985
7376607
7376631
7421617
7421619
7421623
7421641
7421647
7421671
7421681
7421704
7421710
7421716
7425384
7431737
7431743
7439033
7439057
7439078
7439102
7439751
7439775
7439798
7443340
7443341
7443346
7444061
7444781
7444841
7445486
7445496
7446204
7446206
7446210
7463750
7466148
7466155
7475749
7478485
7478490
7478491
7481046
7487135
7487218
7502007
7502016
7543888
7543889
7625186
7625194
7625218
7625240
7625263
7625269
7625271
7625287
7630226
7630228
7630234
7630348
7630713
7635266
7635268
7635272
7635296
7635343
7635345
7635349
7635351
7635373
7635375
7659760
7659761
7659784
7659814
7659823
7659847
7659853
7670556
7670564
7670588
7670606
7670617
7670619
7670625
7670641
7684974
7684984
7684985
7684990
7684998
7684999
7685008
7685009
7728517
7728523
7728525
7728541
7728547
7728565
7728580
7728586
7728592
7728605
7748677
7748701
7755750
7755870
7755871
7936575
7936581
7981948
7981949
7992087
7992324
7992450
7992584
7993668
7993670
7993671
7993673
7993789
7993791
7993800
7993812
7993885
7993888
7993909
7993920
7993938
7993962
7994009
7994011
7994034
7994046
7994048
7994053
7994058
7994106
7994390
7994485
7994520
7994562
7994605
7994608
7994629
7994640
7994682
7994729
7994731
7994773
7994826
7995110
7995204
7995206
7995230
7995360
7995362
7995402
7995445
7995447
7995448
7995449
7995469
7995471
7995480
7995522
7995804
7995806
7995859
7995924
7995925
7995926
7995928
7995950
7995952
7996045
7996050
7996056
7996076
7996081
7996116
7996123
7996170
7996189
7996191
7996212
7996236
7996555
7996558
7996579
7996645
7996648
7996672
7996764
7996765
7996766
7996768
7996790
7996792
7996801
7996843
7996908
7996910
7998108
7998133
7998158
7998180
7998509
7998510
7998518
7998870
7998912
8000430
8000923
8000940
8000941
8000952
8000953
8000964
8000970
8000982
8000983
8000994
8000995
8001012
8001013
8001024
8001025
8001036
8001054
8001055
8001078
8001079
8001084
8001085
8001126
8001127
8001147
8001192
8001222
8001260
8001264
8001266
8001267
8001288
8001289
8001300
8001324
8001330
8001342
8001343
8001354
8001355
8001372
8001415
8001439
8001445
8001482
8001483
8001751
8002080
8002081
8002110
8002111
8002200
8002201
8002440
8002800
8002801
8003784
8003934
8003964
8003965
8003995
8004029
8004030
8004057
8004115
8004145
8004207
8004210
8004265
8004295
8004387
8004415
8004418
8004446
8004476
8004576
8004577
8004594
8004595
8004660
8004661
8004666
8004667
8004678
8004679
8004720
8004721
8004726
8004727
8004774
8004786
8004834
8004835
8004840
8004841
8004846
8004847
8004889
8004900
8004924
8004926
8004930
8004931
8004981
8005021
8005027
8005080
8005081
8005087
8005134
8005194
8005200
8005201
8005206
8005260
8005375
8005668
8005669
8005699
8005734
8005735
8006028
8006388
8007084
8007110
8007121
8007166
8008527
8008541
8008546
8008645
8008647
8008650
8008656
8008657
8008659
8008663
8009245
8009247
8009261
8009266
8009367
8009376
8009752
8009964
8009978
8010096
8010098
8010684
8010685
8010687
8010690
8010696
8010698
8010704
8010809
8010815
8010818
8010824
8011069
8011405
8011424
8011528
8011534
8011544
8012124
8012155
8012856
8012857
8012904
8012905
8012907
8012910
8013216
8013217
8013264
8013265
8013266
8013267
8013624
8013924
8013925
8013930
8013931
8014004
8014364
8014366
8014367
8014652
8014673
8014682
8014734
8016100
8016204
8016209
8016248
8016266
8016362
8016818
8016820
8016924
8016926
8016929
8017082
8017646
8018246
8018252
8018382
8018387
8018624
8019102
8021138
8021246
8021249
8021252
8021271
8021858
8021964
8021966
8021969
8022686
8022708
8022762
8023288
8023292
8023294
8023422
8023452
8023482
8024142
8024143
8024145
8024222
8026178
8026284
8026289
8026313
8026898
8027004
8027006
8027009
8027726
8027728
8027750
8027972
8028328
8028332
8028334
8028462
8028494
8028524
8028596
8028716
8029182
8029187
8029220
8029260
8029424
8029788
8029804
8031329
8031338
8031340
8031446
8031447
8031468
8031469
8031588
8031709
8031928
8031932
8031939
8031943
8032049
8032058
8032167
8032308
8032428
8032429
8032646
8032652
8032657
8032659
8033028
8033366
8033368
8033372
8033605
8033724
8033725
8033752
8033753
8034472
8034804
8034830
8034841
8034886
8036318
8036319
8036320
8036321
8036341
8036344
8036376
8036377
8036392
8036393
8036414
8036438
8036440
8036441
8036464
8036510
8036511
8036724
8036725
8037014
8037038
8037039
8037061
8037090
8037096
8037097
8037113
8037158
8037231
8037324
8037444
8037445
8037734
8037735
8037756
8037757
8037758
8037759
8037810
8037811
8037831
8037834
8037855
8037876
8037878
8038044
8038045
8038404
8038405
8038410
8038411
8038430
8038431
8038432
8038433
8038454
8038455
8038476
8038478
8038534
8038535
8038551
8038575
8038596
8038620
8038669
8038768
8038769
8038788
8038789
8039148
8039149
8039152
8039153
8039172
8039173
8039254
8039255
8039269
8039292
8039293
8039340
8039341
8039488
8039489
8039857
8039898
8039916
8039950
8041358
8041360
8041380
8041381
8041384
8041385
8041417
8041454
8041478
8041480
8041500
8041501
8041504
8041505
8041596
8041597
8042054
8042055
8042078
8042100
8042101
8042154
8042174
8042221
8042317
8042418
8042774
8042775
8042796
8042797
8042798
8042799
8042850
8042870
8042874
8042875
8042894
8042917
8042919
8043138
8043139
8043470
8043472
8043494
8043516
8043517
8043518
8043519
8043564
8043590
8043592
8043637
8043639
8043733
8043852
8043853
8044188
8044189
8044192
8044193
8044212
8044213
8044294
8044308
8044309
8044312
8044313
8044333
8044884
8044910
8044921
8044966
8046398
8046400
8046444
8046445
8046450
8046457
8046472
8046473
8046494
8046590
8047118
8047170
8047176
8047177
8047192
8047193
8047890
8047910
8048484
8048485
8048490
8048491
8048510
8048512
8048534
8048614
8048615
8048700
8049334
8049420
8049421
8049930
8049951
8049960
8050016
8051484
8051490
8051491
8051497
8051513
8052210
8052211
8052216
8052217
8052234
8052930
8052950
8053524
8053525
8053530
8053531
8053654
8053694
8054374
8054460
8055713
8055734
8055758
8055760
8055784
8055817
8056073
8056118
8056431
8056455
8056476
8056478
8056530
8056836
8056860
8056884
8057149
8057172
8057173
8057220
8057221
8057254
8058972
8059021
8059066
8059116
8059144
8059864
8060498
8060514
8060558
8061158
8061182
8061216
8061229
8061234
8061925
8061949
8061951
8063964
8063969
8064086
8064092
8064100
8064111
8064198
8064689
8064812
8064818
8064820
8065532
8065548
8065608
8066128
8066132
8066134
8066251
8066292
8066322
8066971
8066977
8066979
8066995
8067062
8067576
8067577
8067586
8067587
8067588
8067600
8067601
8067747
8067758
8067759
8067929
8067931
8068108
8068109
8068111
8068286
8068466
8068468
8068469
8068470
8068648
8069556
8069574
8069590
8069617
8069790
8069791
8069910
8069954
8073876
8073877
8073878
8073879
8073880
8073881
8073882
8073883
8073886
8073887
8073894
8073895
8073896
8073897
8073900
8073901
8073902
8073903
8073904
8073905
8073906
8073907
8073910
8073911
8073918
8073920
8073924
8073926
8073936
8073937
8073938
8073939
8073940
8073941
8073942
8073943
8073944
8073945
8073946
8073947
8073948
8073949
8073950
8073951
8073961
8073964
8073967
8073970
8073996
8073997
8074116
8074117
8074344
8074345
8074350
8074351
8074584
8074585
8074587
8074589
8074590
8074591
8074593
8074597
8074599
8074603
8074610
8074611
8074612
8074613
8074617
8074620
8074621
8074623
8074626
8074627
8074634
8074644
8074660
8074661
8074664
8074666
8074667
8074670
8074674
8074675
8074676
8074677
8074684
8074690
8074698
8074700
8074704
8074705
8074707
8074710
8074711
8074824
8074825
8074826
8074827
8074944
8075084
8075085
8075086
8075087
8075204
8076144
8076145
8076864
8078920
8078921
8078926
8078936
8078938
8078939
8078942
8078943
8078944
8078945
8078948
8078949
8078950
8078960
8078966
8078976
8078977
8078978
8078979
8078982
8078983
8078984
8078985
8078988
8078990
8079001
8079007
8079040
8079158
8079160
8079386
8079392
8079636
8079638
8079640
8079641
8079644
8079646
8079654
8079659
8079660
8079662
8079664
8079665
8079668
8079670
8079678
8079684
8079686
8079697
8079699
8079702
8079703
8079705
8079707
8079708
8079713
8079721
8079727
8079746
8079748
8079749
8079752
8079754
8079864
8079866
8079868
8079869
8079986
8080122
8080123
8080125
8080127
8080242
8081186
8081188
8081906
8083958
8083960
8083984
8084018
8084020
8084026
8084690
8084696
8084701
8084707
8084714
8084720
8084725
8084727
8084740
8084744
8084746
8089716
8089734
8089750
8089777
8089944
8090064
8090700
8092975
8094040
8094041
8094046
8094056
8094062
8094063
8094064
8094065
8094070
8094080
8094081
8094086
8094087
8094096
8094097
8094098
8094099
8094102
8094103
8094104
8094105
8094108
8094110
8094120
8094121
8094126
8094127
8094756
8094758
8094760
8094761
8094766
8094774
8094780
8094782
8094784
8094785
8094790
8094798
8094799
8094801
8094804
8094806
8094817
8094819
8094822
8094823
8094825
8094827
8094828
8094841
8094846
8094847
8094851
8094866
8094984
8095000
8095008
8095009
8095128
8095231
8095537
8096256
8096257
8096328
8096329
8097048
8097648
8097672
8099120
8099126
8099161
8099167
8099787
8099789
8099795
8099819
8099844
8099862
8099864
8099868
8099870
8099898
8099900
8099909
8100146
8100272
8100402
8104160
8104166
8104201
8104207
8104827
8104829
8104835
8104859
8104884
8104886
8104902
8104908
8104938
8104940
8104949
8105186
8105442
8109158
8109160
8109184
8109218
8109220
8109226
8109866
8109872
8109874
8109880
8109896
8109898
8109902
8109904
8109920
8109943
8109949
8109951
8109967
8110116
8110236
8111312
8114214
8114224
8114225
8114230
8114238
8114256
8114257
8114262
8114263
8114440
8114906
8114907
8114931
8114977
8114982
8114983
8115026
8115146
8116466
8116468
8117186
8119246
8119256
8119270
8119308
8119310
8119971
8119973
8119980
8119982
8119995
8120001
8120004
8120006
8120028
8120034
8120036
8120066
8120184
8120200
8120328
8120431
8124300
8124302
8124321
8124324
8124326
8124348
8124350
8124992
8125006
8125030
8125068
8125074
8125076
8127288
8129334
8129344
8129345
8129350
8129358
8129359
8129376
8129377
8129382
8129383
8130026
8130027
8130051
8130097
8130102
8130103
8130146
8130511
8131608
8131609
8131782
8131999
8132328
8134360
8134361
8134366
8134376
8134382
8134383
8134384
8134385
8134390
8134400
8134406
8134416
8134417
8134418
8134419
8134422
8134423
8134424
8134425
8134428
8134430
8134441
8134447
8135064
8135065
8135067
8135069
8135070
8135077
8135079
8135083
8135090
8135091
8135092
8135093
8135100
8135101
8135103
8135107
8135114
8135124
8135140
8135141
8135144
8135146
8135147
8135150
8135154
8135156
8135164
8135170
8135178
8135180
8135184
8135306
8135317
8135554
8136650
8139456
8139457
8139462
8139463
8140104
8140105
8140106
8140107
8140110
8140128
8140129
8140131
8140152
8140153
8140196
8140220
8140221
8140248
8140249
8140272
8140273
8145288
8145289
8145312
8145392
8145512
8146106
8146128
8146848
8148385
8150238
8150256
8150328
8150352
8150353
8150552
8151222
8153479
8154520
8154542
8154544
8154578
8154584
8154984
8154985
8154990
8154991
8155250
8155252
8155256
8155261
8155263
8155267
8155274
8155280
8155285
8155287
8155300
8155304
8155306
8155470
8155488
8155489
8155590
8155591
8155608
8155609
8155614
8159552
8159566
8159590
8159628
8159634
8159636
8160276
8160278
8160284
8160286
8160296
8160302
8160308
8160310
8160326
8160337
8160339
8160345
8160361
8160512
8160514
8160632
8160672
8161718
8164614
8164630
8165064
8165065
8165070
8165071
8165316
8165377
8165784
8165785
8165791
8166174
8167272
8169696
8169697
8169702
8169703
8169880
8170586
8170597
8174688
8174689
8174694
8174704
8174705
8174710
8174712
8174713
8174718
8174719
8174736
8174737
8174742
8174743
8174904
8174920
8175386
8175387
8175411
8175457
8175462
8175463
8175506
8175871
8176248
8176249
8176272
8176273
8176368
8176952
8177142
8177359
8177672
8179734
8179744
8179745
8179750
8179758
8179759
8179776
8179777
8179782
8179783
8179960
8180426
8180427
8180451
8180497
8180502
8180503
8180546
8180911
8181992
8182712
8184744
8184749
8184773
8184820
8184824
8184826
8185466
8185468
8185472
8185480
8185496
8185502
8185504
8185520
8185543
8185545
8185549
8185551
8185567
8185704
8185705
8185824
8189800
8189801
8189806
8189816
8189822
8189823
8189824
8189825
8189830
8189840
8189846
8189856
8189857
8189858
8189859
8189862
8189863
8189864
8189865
8189868
8189870
8189881
8189887
8190504
8190505
8190507
8190509
8190510
8190517
8190519
8190523
8190530
8190531
8190532
8190533
8190540
8190541
8190543
8190547
8190554
8190564
8190580
8190581
8190584
8190586
8190587
8190590
8190594
8190596
8190604
8190610
8190618
8190620
8190768
8192090
8194838
8194840
8194864
8194898
8194900
8194906
8195570
8195576
8195581
8195587
8195594
8195596
8195600
8195602
8195620
8195624
8195626
8195796
8199866
8199867
8199869
8199872
8199874
8199875
8199880
8199886
8199888
8199891
8199893
8199899
8199902
8199904
8199908
8199910
8199912
8199913
8199915
8199921
8199926
8199937
8199942
8199943
8199948
8199954
8199956
8199958
8199959
8199961
8199966
8199967
8199978
8199979
8199980
8199981
8200712
8200752
8202396
8202397
8202421
8202456
8202457
8202463
8203134
8203135
8203158
8203159
8203254
8203255
8203278
8203279
8203358
8203478
8204076
8204550
8204814
8206351
8207436
8207437
8207438
8207439
8207440
8207441
8207442
8207443
8207446
8207447
8207454
8207455
8207456
8207457
8207460
8207461
8207462
8207463
8207464
8207465
8207466
8207467
8207470
8207471
8207478
8207480
8207484
8207486
8207496
8207497
8207498
8207499
8207500
8207501
8207502
8207503
8207504
8207505
8207506
8207507
8207508
8207509
8207510
8207511
8207521
8207524
8207527
8207530
8207556
8207557
8207676
8207677
8207904
8207905
8207910
8207911
8208144
8208145
8208147
8208149
8208150
8208151
8208153
8208157
8208159
8208163
8208170
8208171
8208172
8208173
8208177
8208180
8208181
8208183
8208186
8208187
8208194
8208204
8208220
8208221
8208224
8208226
8208227
8208230
8208234
8208235
8208236
8208237
8208244
8208250
8208258
8208260
8208290
8208384
8208385
8208408
8208460
8208504
8208673
8209704
8209705
8210424
8212480
8212481
8212486
8212487
8212496
8212497
8212502
8212503
8212504
8212505
8212510
8212511
8212520
8212526
8212536
8212537
8212538
8212539
8212542
8212543
8212544
8212545
8212548
8212549
8212550
8212551
8212561
8212567
8212944
8212945
8212950
8212951
8213184
8213185
8213187
8213189
8213190
8213191
8213193
8213197
8213199
8213203
8213210
8213211
8213212
8213213
8213217
8213220
8213221
8213223
8213226
8213227
8213234
8213244
8213260
8213261
8213264
8213266
8213267
8213270
8213274
8213275
8213276
8213277
8213284
8213290
8213298
8213300
8213430
8213431
8213454
8213550
8214750
8214751
8215470
8217640
8217758
8217760
8217986
8217992
8218226
8218248
8218264
8218303
8218346
8218348
8218352
8218368
8218369
8218392
8219906
8223267
8223312
8223342
8223380
8223408
8223432
8223433
8225022
8227600
8227622
8227624
8227658
8227664
8228306
8228312
8228314
8228318
8228320
8228336
8228338
8228344
8228360
8228383
8228407
8232696
8232697
8232702
8232703
8233344
8233345
8233350
8233464
8233488
8233489
8233512
8233513
8233586
8233597
8233834
8237697
8237700
8237702
8237706
8237724
8237726
8237748
8237750
8237916
8238390
8238403
8238427
8238470
8238474
8238476
8239260
8239944
8240664
8242720
8242742
8242744
8242778
8242784
8243424
8243426
8243428
8243429
8243432
8243450
8243452
8243453
8243474
8243514
8243538
8243539
8243541
8243688
8243689
8243808
8244890
8247816
8247817
8247822
8247823
8248476
8248477
8248494
8248500
8248501
8248518
8248519
8248546
8248547
8248570
8248571
8248638
8248706
8248728
8248729
8248848
8249331
8250050
8250051
8251368
8251369
8251392
8251393
8252806
8252816
8252830
8252868
8252870
8252920
8253038
8253040
8253266
8253272
8253531
8253533
8253539
8253540
8253542
8253548
8253564
8253566
8253588
8253594
8253596
8253746
8253866
8257840
8257862
8257864
8257898
8257904
8258546
8258552
8258554
8258672
8258789
8258798
8259042
8263284
8263285
8263290
8263704
8264064
8265440
8265446
8265481
8265487
8266107
8266109
8266161
8266164
8266166
8266182
8266188
8266206
8266218
8266220
8266368
8266488
8266992
8267571
8267616
8267862
8269202
8271149
8271194
8271224
8271258
8271408
8271528
8271529
8271534
8273118
8276358
8276448
8276568
8277942
8280517
8280576
8281278
8281374
8283096
8283097
8283102
8283103
8283160
8283278
8283280
8283506
8283512
8283768
8283769
8283774
8283784
8283785
8283790
8283792
8283793
8283798
8283799
8283817
8283822
8283823
8283888
8283889
8283912
8283913
8283992
8284112
8288094
8288104
8288105
8288110
8288118
8288119
8288136
8288137
8288142
8288143
8288320
8288786
8288787
8288811
8288857
8288862
8288863
8289648
8289649
8289672
8289673
8290352
8291072
8293154
8293164
8293204
8293210
8293218
8293220
8293827
8293829
8293886
8293902
8293904
8293908
8293910
8293932
8293934
8293938
8293940
8294030
8294090
8298166
8298176
8298190
8298228
8298230
8298280
8298398
8298400
8298626
8298632
8298876
8298878
8298883
8298884
8298894
8298900
8298907
8298924
8298940
8298941
8298947
8298953
8298964
8299106
8299112
8299114
8299117
8299123
8299125
8299226
8299232
8299346
8299348
8299354
8303200
8303201
8303206
8303207
8303216
8303217
8303222
8303223
8303224
8303225
8303230
8303231
8303240
8303246
8303256
8303257
8303258
8303259
8303262
8303263
8303264
8303265
8303268
8303269
8303270
8303271
8303281
8303287
8303664
8303665
8303670
8303671
8303904
8303905
8303907
8303909
8303910
8303911
8303913
8303917
8303919
8303923
8303930
8303931
8303932
8303933
8303937
8303940
8303941
8303943
8303946
8303947
8303954
8303964
8303980
8303981
8303984
8303986
8303987
8303990
8303994
8303995
8303996
8303997
8304004
8304010
8304018
8304020
8304024
8304025
8304030
8304031
8304037
8304150
8304151
8304156
8304157
8304270
8304394
8304395
8304400
8304401
8304514
8305470
8305471
8306190
8308956
8308957
8309006
8309007
8309068
8309069
8309186
8309188
8309189
8309316
8309317
8309367
8309429
8309546
8309670
8309671
8309787
8309847
8309904
8309906
8310034
8310035
8310085
8310090
8310091
8310147
8310207
8310394
8310395
8310505
8310564
8310565
8310684
8310685
8312952
8313672
8313673
8314396
8314397
8315116
8315117
8318616
8318618
8318622
8319336
8319342
8320056
8320116
8320768
8321488
8321489
8321495
8321512
8323718
8323740
8324460
8325096
8325156
8325832
8326528
8326552
8326553
8328781
8329440
8329501
8330136
8330197
8330872
8331568
8331592
8331593
8332166
8332243
8333728
8333732
8334452
8335172
8335893
8335897
8335899
8336611
8338776
8338778
8338838
8339496
8340216
8340276
8340928
8340929
8340935
8340952
8340953
8341648
8341649
8341655
8341672
8341673
8342992
8343014
8343041
8343064
8343096
8343711
8343735
8343756
8343758
8343811
8344071
8344095
8344116
8344140
8344165
8344429
8344452
8344453
8344500
8344501
8344535
8346928
8346932
8346939
8346943
8347429
8347646
8347652
8347657
8347659
8350970
8350981
8351092
8351114
8351197
8351212
8351330
8351520
8351521
8351640
8351641
8355996
8356057
8356118
8356122
8356242
8356356
8356468
8356469
8356588
8361037
8361039
8361043
8361045
8361063
8361069
8361096
8361098
8361104
8361110
8361157
8361159
8361163
8361165
8361509
8361520
8361628
8361634
8366076
8366078
8366082
8366100
8366106
8366124
8366140
8366141
8366147
8366164
8366165
8366171
8366196
8366260
8366261
8366284
8366285
8366571
8366617
8366689
8366713
8371116
8371118
8371140
8371164
8371187
8371211
8371300
8371301
8371324
8371325
8371611
8371657
8371729
8371753
8376160
8376161
8376166
8376167
8376184
8376190
8376217
8376219
8376223
8376229
8376241
8376247
8376280
8376281
8376286
8376287
8376626
8376636
8380482
8380487
8380495
8380497
8380506
8380511
8380549
8380551
8380596
8380597
8380599
8380601
8380602
8380603
8380604
8380605
8380606
8380607
8380710
8380711
8380712
8380713
8380714
8380715
8380716
8380717
8380719
8380721
8380722
8380723
8380724
8380725
8380726
8380727
8380830
8380832
8380836
8380838
8380944
8380945
8380947
8380949
8380950
8380951
8380953
8380955
8380956
8380957
8380958
8380959
8380960
8380961
8381065
8381068
8381071
8381074
8381193
8381197
8381199
8381203
8381205
8381217
8381223
8381229
8381231
8381256
8381258
8381264
8381270
8381305
8381307
8381310
8381311
8381313
8381315
8381317
8381319
8381323
8381325
8381425
8381427
8381430
8381431
8381433
8381435
8381436
8381441
8381442
8381447
8381544
8381550
8381556
8381664
8381669
8381670
8381675
8381676
8381678
8381680
8381681
8381684
8381686
8381788
8381794
8381804
8382639
8382645
8386274
8386338
8391278
8391340
8396316
8396377
8401357
8401359
8401363
8401365
8401383
8401389
8401407
8401416
8401418
8401424
8401430
8401440
8406469
8406471
8411450
8411452
8411456
8411461
8411463
8411467
8411474
8411480
8411485
8411487
8415778
8415779
8415788
8415789
8415880
8415881
8415886
8415887
8415992
8415993
8415994
8415995
8415998
8415999
8416000
8416001
8416004
8416005
8416006
8416007
8416112
8416118
8416226
8416227
8416232
8416233
8416236
8416237
8416238
8416239
8416345
8416351
8416480
8416481
8416485
8416486
8416487
8416499
8416505
8416509
8416511
8416536
8416538
8416542
8416548
8416588
8416589
8416592
8416593
8416594
8416595
8416600
8416601
8416606
8416607
8416708
8416709
8416712
8416713
8416714
8416715
8416718
8416719
8416724
8416725
8416826
8416832
8416838
8416946
8416947
8416952
8416953
8416956
8416957
8416958
8416959
8416962
8416963
8417065
8417071
8417082
8417921
8417927
8420869
8420871
8421032
8421034
8421152
8423304
8423309
8423333
8423380
8423384
8423386
8424026
8424028
8424040
8424062
8424064
8424080
8424103
8424105
8424109
8424111
8424127
8428361
8428383
8428385
8428419
8428425
8428480
8428481
8428487
8428593
8428594
8428595
8428598
8428599
8428600
8428601
8428604
8428605
8428607
8428712
8428718
8428824
8428825
8428826
8428827
8428830
8428831
8428832
8428833
8428837
8428839
8428945
8428951
8429067
8429069
8429073
8429075
8429079
8429097
8429099
8429103
8429105
8429142
8429144
8429148
8429150
8429184
8429185
8429187
8429189
8429191
8429193
8429195
8429197
8429199
8429205
8429304
8429305
8429306
8429308
8429311
8429317
8429319
8429321
8429325
8429327
8429424
8429426
8429430
8429544
8429546
8429550
8429552
8429554
8429560
8429563
8429565
8429566
8429567
8429674
8429682
8429684
8430513
8430515
8433401
8433406
8433416
8433423
8433425
8433430
8433440
8433441
8433446
8433447
8433456
8433457
8433459
8433462
8433463
8433465
8433468
8433470
8433480
8433481
8433486
8433487
8434106
8434107
8434108
8434112
8434121
8434126
8434129
8434131
8434145
8434150
8434152
8434153
8434155
8434161
8434166
8434177
8434179
8434182
8434183
8434185
8434188
8434194
8434196
8434201
8434206
8434207
8434218
8434219
8434220
8434221
8438456
8438461
8438463
8438467
8438480
8438485
8438487
8444186
8444188
8444192
8444210
8444212
8444234
8444274
8444298
8444299
8444301
8448520
8448521
8448526
8448536
8448538
8448539
8448542
8448543
8448544
8448545
8448548
8448549
8448550
8448561
8448567
8448576
8448577
8448578
8448579
8448582
8448583
8448584
8448585
8448588
8448590
8448600
8448606
8448640
8448758
8448760
8448986
8448992
8449224
8449225
8449226
8449228
8449230
8449232
8449234
8449236
8449238
8449244
8449248
8449249
8449251
8449253
8449254
8449260
8449262
8449264
8449268
8449270
8449273
8449275
8449279
8449297
8449299
8449303
8449305
8449307
8449313
8449314
8449316
8449318
8449319
8449331
8449339
8449341
8449472
8449474
8450792
8450794
8453546
8453547
8453548
8453552
8453554
8453555
8453561
8453566
8453569
8453571
8453579
8453585
8453588
8453590
8453592
8453593
8453595
8453601
8453606
8453617
8453619
8453622
8453623
8453625
8453628
8453634
8453636
8453638
8453639
8453641
8453646
8453647
8453658
8453659
8453660
8453661
8454433
8456080
8456081
8456086
8456096
8456098
8456099
8456102
8456103
8456104
8456105
8456108
8456109
8456110
8456136
8456137
8456138
8456139
8456142
8456143
8456144
8456145
8456148
8456150
8456200
8456318
8456320
8456546
8456552
8456906
8456908
8456917
8456919
8456923
8456925
8457146
8457148
8457152
8457154
8458585
8458599
8458612
8458623
8458661
8458667
8459307
8459309
8459313
8459321
8459337
8459343
8459345
8459382
8459384
8459388
8459390
8459544
8459545
8459664
8463654
8463655
8463664
8463665
8463670
8463671
8463678
8464846
8464847
8465904
8465905
8466624
8468680
8468702
8468704
8468738
8468744
8468801
8468919
8468921
8469147
8469153
8469627
8469629
8469635
8469636
8469638
8469644
8469756
8469758
8469867
8469873
8469875
8474436
8474438
8474442
8474460
8474466
8474484
8474500
8474501
8474507
8474524
8474556
8474676
8474915
8474921
8479476
8479478
8479484
8479500
8479524
8479547
8479553
8479598
8484516
8484518
8484540
8484564
8484580
8484581
8484587
8484604
8484605
8484611
8489112
8489232
8489233
8493876
8493877
8493878
8493880
8493882
8493884
8493885
8493887
8493895
8493898
8493901
8493904
8493909
8493911
8493918
8493920
8493936
8493937
8493938
8493940
8493943
8493946
8493949
8493951
8493952
8493953
8493961
8493964
8493967
8493970
8494586
8494587
8494589
8494593
8494594
8494595
8494600
8494607
8494608
8494610
8494618
8494624
8494629
8494631
8494632
8494634
8494640
8494656
8494658
8494662
8494663
8494664
8494669
8494675
8494677
8494678
8494679
8494687
8494698
8494700
8498904
8498905
8498907
8498909
8498911
8498913
8498917
8498919
8498930
8498931
8498932
8498933
8498937
8498940
8498941
8498943
8498946
8498954
8498964
8498980
8498981
8498984
8498986
8498987
8498995
8498997
8499004
8499010
8499018
8499020
8499626
8499627
8499628
8499629
8499633
8499640
8499641
8499647
8499648
8499649
8499650
8499652
8499663
8499664
8499665
8499671
8499672
8499674
8499680
8499696
8499698
8499702
8499703
8499704
8499709
8499715
8499717
8499727
8499738
8499740
8503956
8503957
8503958
8503960
8503962
8503963
8503966
8503967
8503974
8503975
8503976
8503981
8503984
8503987
8503990
8503991
8504002
8504008
8504009
8504016
8504017
8504018
8504020
8504023
8504026
8504029
8504031
8504042
8504043
8504049
8504664
8504666
8504670
8504671
8504672
8504676
8504678
8504682
8504690
8504691
8504693
8504696
8504700
8504701
8504702
8504706
8504707
8504716
8504717
8504722
8504740
8504746
8504751
8504754
8504755
8504756
8504757
8504769
8504782
8504783
8504916
8506230
8509716
8509718
8509722
8509724
8509740
8509746
8509764
8509780
8509781
8509787
8509793
8509804
8514758
8514820
8519064
8519065
8519067
8519069
8519077
8519079
8519090
8519091
8519092
8519093
8519100
8519101
8519103
8519114
8519124
8519130
8519131
8519133
8519140
8519141
8519144
8519146
8519147
8519164
8519170
8519174
8519176
8519177
8519178
8519180
8519786
8519787
8519788
8519789
8519800
8519801
8519808
8519809
8519810
8519812
8519823
8519824
8519825
8519832
8519834
8519840
8519853
8519854
8519855
8519856
8519858
8519862
8519863
8519864
8519887
8519892
8519893
8519894
8519898
8519900
8520050
8524120
8524121
8524138
8524139
8524142
8524143
8524144
8524145
8524148
8524149
8524160
8524166
8524176
8524177
8524178
8524179
8524182
8524183
8524184
8524185
8524201
8524207
8524824
8524825
8524827
8524829
8524835
8524837
8524839
8524845
8524848
8524849
8524850
8524852
8524861
8524863
8524865
8524869
8524872
8524874
8524878
8524896
8524898
8524902
8524904
8524906
8524912
8524918
8524919
8524930
8524938
8524940
8524949
8525068
8525079
8525312
8526410
8529161
8529166
8529176
8529178
8529179
8529183
8529185
8529188
8529189
8529190
8529200
8529206
8529216
8529217
8529219
8529222
8529223
8529225
8529228
8529230
8529241
8529247
8529866
8529867
8529868
8529872
8529874
8529875
8529881
8529886
8529889
8529891
8529899
8529905
8529908
8529910
8529912
8529926
8529937
8529939
8529942
8529943
8529945
8529948
8529954
8529956
8529958
8529959
8529961
8529967
8529978
8529980
8530106
8530108
8530226
8530363
8530365
8531426
8531428
8532146
8534907
8534909
8534913
8534915
8534937
8534939
8534982
8534984
8534988
8534990
8539946
8539948
8539952
8539976
8540000
8540023
8540025
8540029
8540031
8540047
8544280
8544281
8544286
8544296
8544302
8544303
8544304
8544305
8544310
8544320
8544321
8544326
8544327
8544338
8544339
8544344
8544345
8544348
8544350
8544360
8544361
8544366
8544367
8544988
8544989
8544992
8544998
8544999
8545003
8545012
8545013
8545016
8545022
8545023
8545027
8545034
8545035
8545040
8545041
8545044
8545045
8545046
8545047
8545060
8545061
8545064
8545065
8545070
8545074
8545084
8545085
8545098
8545099
8549321
8549343
8549345
8549379
8549385
8549784
8549785
8549790
8549791
8550051
8550053
8550057
8550060
8550062
8550066
8550084
8550086
8550101
8550105
8550107
8550144
8550145
8550151
8550157
8550271
8550276
8550277
8550390
8550514
8550515
8550520
8550521
8550634
8555091
8555093
8555097
8555100
8555102
8555106
8555117
8555123
8555124
8555126
8555316
8559401
8559423
8559425
8559459
8559465
8560131
8560133
8560140
8560142
8560155
8560161
8560164
8560166
8560179
8560185
8560187
8560360
8560368
8560369
8560488
8560591
8564436
8564497
8569481
8569486
8569496
8569503
8569505
8569510
8569520
8569521
8569526
8569527
8569536
8569537
8569539
8569542
8569543
8569545
8569548
8569550
8569560
8569561
8569566
8569567
8570185
8570187
8570190
8570196
8570201
8570206
8570209
8570211
8570214
8570220
8570225
8570230
8570232
8570233
8570235
8570238
8570239
8570241
8570244
8570246
8570257
8570259
8570262
8570267
8570268
8570276
8570281
8570286
8570291
8570300
8574520
8574521
8574526
8574536
8574538
8574539
8574542
8574543
8574544
8574545
8574548
8574549
8574550
8574576
8574577
8574578
8574579
8574582
8574583
8574584
8574585
8574588
8574590
8574640
8574758
8574760
8574986
8574992
8575224
8575225
8575226
8575228
8575230
8575232
8575234
8575236
8575238
8575244
8575248
8575249
8575251
8575253
8575254
8575260
8575262
8575264
8575268
8575270
8575297
8575299
8575303
8575305
8575307
8575313
8575314
8575316
8575318
8575319
8575466
8575468
8576786
8576788
8579616
8579617
8579622
8579623
8579680
8579798
8579800
8580026
8580032
8580288
8580289
8580294
8580304
8580305
8580310
8580313
8580319
8580337
8580342
8580343
8580386
8580388
8580392
8580398
8580512
8580518
8580520
8580751
8580753
8580757
8580759
8584600
8584618
8584619
8584622
8584624
8584628
8584629
8584640
8584641
8584646
8584647
8584656
8584657
8584658
8584662
8584663
8584664
8584680
8584681
8584686
8584687
8585304
8585306
8585314
8585317
8585320
8585325
8585328
8585330
8585338
8585341
8585344
8585349
8585352
8585353
8585354
8585358
8585359
8585360
8585365
8585367
8585376
8585378
8585383
8585386
8585392
8585399
8585400
8585407
8585410
8585421
8586936
8589636
8589637
8589660
8589661
8589696
8589697
8589702
8589703
8589763
8589766
8589870
8589872
8589883
8589886
8590116
8590118
8590368
8590374
8590375
8590384
8590390
8590391
8590393
8590399
8590416
8590417
8590423
8590472
8590476
8590478
8590482
8590592
8590598
8590606
8590825
8590827
8590833
8590839
8599716
8599717
8599741
8599776
8599777
8599783
8600424
8600430
8600431
8600436
8600454
8600455
8600460
8600461
8600479
8600506
8600512
8600513
8600531
8600678
8601870
8604818
8604824
8604999
8605005
8605119
8606912
8606914
8607632
8610516
8610518
8610524
8610540
8610564
8610580
8610581
8610587
8610593
8610604
8610605
8610611
8614864
8615081
8615546
8615623
8615787
8615796
8616408
8619936
8619937
8619942
8619943
8620585
8620586
8620587
8620590
8620609
8620611
8620632
8620633
8620676
8620700
8620701
8648339
8648343
8648353
8648459
8648463
8648472
8648473
8648576
8648586
8648696
8648698
8648702
8648706
8648708
8648712
8648713
8648818
8648832
8648946
8648964
8648980
8649007
8649062
8649068
8649070
8649072
8649073
8649076
8649077
8649182
8649193
8649296
8649302
8649416
8649418
8649427
8649429
8649535
8649538
8649541
8650644
8650896
8652205
8653284
8653285
8653294
8653295
8653300
8653301
8653308
8653326
8653327
8653332
8653333
8653617
8653627
8653640
8653641
8653650
8653651
8653979
8653983
8653989
8653993
8654338
8654339
8654343
8654349
8654352
8654353
8654696
8654706
8655056
8655058
8655059
8655062
8655066
8655068
8655072
8655073
8655418
8655432
8655846
8655847
8655852
8655853
8655968
8655969
8655970
8655971
8655990
8655991
8655994
8655995
8656064
8656065
8656088
8656089
8656110
8656111
8656184
8656206
8656208
8656280
8656281
8656282
8656283
8656304
8656305
8656326
8656327
8656328
8656329
8656399
8656402
8656423
8656494
8656495
8656500
8656506
8656507
8656524
8656530
8656531
8656548
8656549
8656576
8656577
8656600
8656601
8656614
8656643
8656665
8656668
8656689
8656711
8656736
8656747
8656762
8656763
8656785
8656809
8656830
8656831
8656880
8656926
8656984
8657000
8657002
8657003
8657024
8657046
8657048
8657070
8657071
8657122
8657190
8657361
8657407
8657958
8657959
8657982
8657983
8658010
8658011
8658034
8658035
8658080
8658081
8658126
8658127
8658678
8658702
8659398
8659399
8659422
8659423
8660886
8660887
8660892
8660893
8661008
8661009
8661010
8661011
8661030
8661031
8661034
8661035
8661104
8661105
8661128
8661129
8661150
8661151
8661224
8661246
8661248
8661320
8661321
8661322
8661323
8661344
8661345
8661366
8661367
8661368
8661369
8661439
8661442
8661463
8661534
8661535
8661540
8661546
8661564
8661570
8661588
8661589
8661617
8661641
8661683
8661705
8661729
8661751
8661802
8661803
8661825
8661849
8661870
8661871
8661920
8661966
8662040
8662042
8662043
8662064
8662086
8662088
8662110
8662111
8662162
8662230
8662401
8662447
8662998
8662999
8663022
8663023
8663051
8663075
8663120
8663121
8663166
8663167
8663718
8663742
8664438
8664462
