-0.0000000000 0.0721687836 0.1443375673 0.0721687836 0.0721687836 0.0721687836 0.0721687836 0.1443375673 0.0721687836 0.0721687836 0.0721687836 0.1443375673 0.1443375673 0.1443375673 0.1443375673 0.1443375673 0.1443375673 0.1443375673 0.1443375673 0.1443375673 0.1443375673 0.1443375673 0.1443375673 0.1443375673 0.1443375673 0.1443375673 0.1443375673 0.1443375673 0.1443375673 0.1443375673 0.1443375673 0.1443375673 0.1443375673 0.1443375673 0.1443375673 0.1443375673 0.1443375673 0.1443375673 0.1443375673 0.1443375673 0.1443375673 0.1443375673 0.1443375673 0.1443375673 0.1443375673 0.1443375673 0.1443375673 0.1443375673 0.1443375673 0.1443375673 0.1443375673 0.0721687836 0.0721687836 0.0721687836 0.1443375673 0.0721687836 0.0721687836 0.0721687836 0.0721687836 0.1443375673 0.0721687836 -0.0000000000 0.0000000000
0.0000000000 0.0953462589 0.0953462589 0.0953462589 0.0953462589 0.0953462589 0.0953462589 0.0953462589 0.0953462589 0.0953462589 0.0953462589 0.1430193884 0.1430193884 0.1430193884 0.1430193884 0.1430193884 0.1430193884 0.1430193884 0.1430193884 0.1430193884 0.1430193884 0.1430193884 0.1430193884 0.1430193884 0.1430193884 0.1430193884 0.1430193884 0.1430193884 0.1430193884 0.1430193884 0.1430193884 0.1430193884 0.1430193884 0.1430193884 0.1430193884 0.1430193884 0.1430193884 0.1430193884 0.1430193884 0.1430193884 0.1430193884 0.1430193884 0.1430193884 0.1430193884 0.1430193884 0.1430193884 0.1430193884 0.1430193884 0.1430193884 0.1430193884 0.1430193884 0.0953462589 0.0953462589 0.0953462589 0.0953462589 0.0953462589 0.0953462589 0.0953462589 0.0953462589 0.0953462589 0.0953462589 0.0000000000 0.0000000000
0.1460377151 0.0486792384 0.0486792384 0.0486792384 0.0486792384 0.0486792384 0.1460377151 0.1460377151 0.1460377151 0.1460377151 0.1460377151 0.0973584767 0.0973584767 0.0973584767 0.0973584767 0.0973584767 0.0973584767 0.0973584767 0.0973584767 0.0973584767 0.0973584767 0.1460377151 0.1460377151 0.1460377151 0.1460377151 0.1460377151 0.1460377151 0.1460377151 0.1460377151 0.1460377151 0.1460377151 0.1460377151 0.1216980959 0.1460377151 0.1460377151 0.1216980959 0.1460377151 0.1216980959 0.1460377151 0.1460377151 0.1216980959 0.1460377151 0.1216980959 0.1460377151 0.1460377151 0.1216980959 0.1460377151 0.1216980959 0.1460377151 0.1460377151 0.1216980959 0.1460377151 0.1460377151 0.1460377151 0.1460377151 0.1460377151 0.0973584767 0.0973584767 0.0973584767 0.0973584767 0.0973584767 0.1460377151 0.0486792384
-0.0000000000 0.0000000000 0.0000000000 0.1443375673 -0.0000000000 0.1443375673 -0.0000000000 -0.0000000000 0.1443375673 -0.0000000000 0.1443375673 -0.0000000000 0.1443375673 -0.0000000000 0.1443375673 0.1443375673 -0.0000000000 0.1443375673 0.1443375673 0.1443375673 0.1443375673 -0.0000000000 0.1443375673 0.0000000000 0.1443375673 0.1443375673 0.0000000000 0.1443375673 0.1443375673 0.1443375673 0.1443375673 0.1443375673 -0.0000000000 0.1443375673 0.1443375673 0.1443375673 0.1443375673 0.1443375673 0.1443375673 0.1443375673 0.1443375673 0.1443375673 -0.0000000000 0.1443375673 0.1443375673 0.1443375673 0.1443375673 0.1443375673 0.1443375673 0.1443375673 0.1443375673 0.1443375673 0.1443375673 0.1443375673 0.1443375673 0.1443375673 0.1443375673 0.1443375673 0.1443375673 0.1443375673 0.1443375673 0.1443375673 0.1443375673
0.0749795006 0.0562346254 0.0749795006 0.0749795006 0.0749795006 0.0562346254 0.1124692509 0.1218416885 0.1218416885 0.1218416885 0.1124692509 0.1124692509 0.1124692509 0.1124692509 0.1124692509 0.1218416885 0.1218416885 0.1124692509 0.1218416885 0.1124692509 0.1124692509 0.1405865636 0.1405865636 0.1405865636 0.1405865636 0.1405865636 0.1405865636 0.1405865636 0.1405865636 0.1405865636 0.1405865636 0.1405865636 0.1405865636 0.1405865636 0.1405865636 0.1405865636 0.1405865636 0.1405865636 0.1405865636 0.1405865636 0.1405865636 0.1405865636 0.1405865636 0.1405865636 0.1405865636 0.1405865636 0.1405865636 0.1312141260 0.1405865636 0.1405865636 0.1405865636 0.1405865636 0.1405865636 0.1405865636 0.1405865636 0.1405865636 0.1124692509 0.1124692509 0.1124692509 0.1124692509 0.1124692509 0.1124692509 0.0562346254
0.0485642931 0.0485642931 0.1456928794 0.0971285862 0.0485642931 0.0485642931 0.0971285862 0.1456928794 0.1456928794 0.0971285862 0.0971285862 0.1456928794 0.1456928794 0.0971285862 0.0971285862 0.1456928794 0.1456928794 0.1456928794 0.1456928794 0.1456928794 0.0971285862 0.1456928794 0.1456928794 0.1456928794 0.1456928794 0.1456928794 0.1456928794 0.1456928794 0.1456928794 0.1456928794 0.1456928794 0.1456928794 0.1456928794 0.1456928794 0.1456928794 0.1456928794 0.1456928794 0.1456928794 0.1456928794 0.1456928794 0.1456928794 0.0971285862 0.1456928794 0.1456928794 0.1456928794 0.1456928794 0.1456928794 0.0971285862 0.0971285862 0.1456928794 0.1456928794 0.0971285862 0.0971285862 0.1456928794 0.1456928794 0.0971285862 0.0485642931 0.0485642931 0.0971285862 0.1456928794 0.0485642931 0.0485642931 0.0000000000
0.0366494658 0.1099483974 0.0366494658 0.0366494658 0.0732989316 0.0366494658 0.1282731304 0.0732989316 0.0732989316 0.1099483974 0.0732989316 0.1282731304 0.1465978633 0.1465978633 0.1465978633 0.0732989316 0.1099483974 0.0732989316 0.1099483974 0.0732989316 0.1099483974 0.1465978633 0.1465978633 0.1465978633 0.1465978633 0.1099483974 0.1099483974 0.1099483974 0.1465978633 0.1099483974 0.1465978633 0.1465978633 0.1465978633 0.1465978633 0.1465978633 0.1465978633 0.1465978633 0.1465978633 0.1099483974 0.1465978633 0.1465978633 0.1465978633 0.1099483974 0.1465978633 0.1465978633 0.1465978633 0.1465978633 0.1465978633 0.1465978633 0.1465978633 0.1465978633 0.1465978633 0.1465978633 0.1465978633 0.1465978633 0.1465978633 0.1099483974 0.1465978633 0.1099483974 0.1282731304 0.1282731304 0.1282731304 0.0916236645
0.0478364873 0.0478364873 0.0717547310 0.0717547310 0.0717547310 0.0478364873 0.0956729746 0.1195912183 0.1195912183 0.1195912183 0.0956729746 0.0956729746 0.1195912183 0.0956729746 0.0956729746 0.1195912183 0.1435094620 0.1195912183 0.1195912183 0.0956729746 0.1195912183 0.1435094620 0.1435094620 0.1435094620 0.1195912183 0.1435094620 0.1435094620 0.1435094620 0.1435094620 0.1435094620 0.1435094620 0.1435094620 0.1435094620 0.1435094620 0.1435094620 0.1195912183 0.1435094620 0.1435094620 0.1435094620 0.1435094620 0.1435094620 0.1435094620 0.1435094620 0.1435094620 0.1435094620 0.1435094620 0.1435094620 0.1435094620 0.1435094620 0.1435094620 0.1435094620 0.1435094620 0.1435094620 0.1435094620 0.1435094620 0.1195912183 0.1195912183 0.1195912183 0.1195912183 0.1195912183 0.1195912183 0.0956729746 0.0717547310
0.0636284763 0.0795355954 0.0795355954 0.0477213572 0.0477213572 0.0477213572 0.1272569526 0.1272569526 0.0954427144 0.1113498335 0.1113498335 0.1272569526 0.1113498335 0.1113498335 0.1113498335 0.1113498335 0.1113498335 0.1113498335 0.0954427144 0.0954427144 0.0954427144 0.1431640717 0.1431640717 0.1431640717 0.1431640717 0.1431640717 0.1431640717 0.1431640717 0.1272569526 0.1431640717 0.1272569526 0.1431640717 0.1431640717 0.1431640717 0.1431640717 0.1431640717 0.1431640717 0.1431640717 0.1272569526 0.1431640717 0.1272569526 0.1431640717 0.1431640717 0.1431640717 0.1431640717 0.1431640717 0.1431640717 0.1431640717 0.1431640717 0.1431640717 0.1431640717 0.1431640717 0.1431640717 0.1431640717 0.1431640717 0.1431640717 0.1113498335 0.1113498335 0.1272569526 0.1272569526 0.1272569526 0.1113498335 0.0795355954
0.0367607311 0.0735214622 0.0735214622 0.1102821933 0.0735214622 0.0735214622 0.1102821933 0.1102821933 0.1470429244 0.1102821933 0.1102821933 0.1470429244 0.1470429244 0.1102821933 0.1102821933 0.1470429244 0.1102821933 0.1102821933 0.1470429244 0.1470429244 0.1470429244 0.1470429244 0.1470429244 0.1470429244 0.1470429244 0.1470429244 0.1470429244 0.1470429244 0.1470429244 0.1470429244 0.1470429244 0.1470429244 0.1470429244 0.1470429244 0.1470429244 0.1470429244 0.1470429244 0.1470429244 0.1470429244 0.1470429244 0.1470429244 0.1470429244 0.1470429244 0.1470429244 0.1102821933 0.1102821933 0.1470429244 0.1102821933 0.1102821933 0.1470429244 0.1470429244 0.1102821933 0.1102821933 0.1470429244 0.1102821933 0.1102821933 0.0735214622 0.0735214622 0.1102821933 0.0735214622 0.0735214622 0.0367607311 0.0000000000
0.0774249125 0.0884856143 0.0663642107 0.0553035089 0.0442428072 0.0442428072 0.1216677197 0.1327284215 0.1327284215 0.1216677197 0.0995463161 0.1216677197 0.1216677197 0.1216677197 0.1327284215 0.1216677197 0.0995463161 0.0995463161 0.0995463161 0.0884856143 0.0884856143 0.1437891232 0.1437891232 0.1437891232 0.1437891232 0.1437891232 0.1437891232 0.1437891232 0.1437891232 0.1437891232 0.1437891232 0.1437891232 0.1437891232 0.1437891232 0.1437891232 0.1437891232 0.1437891232 0.1437891232 0.1437891232 0.1216677197 0.1216677197 0.1106070179 0.1327284215 0.1437891232 0.1437891232 0.1437891232 0.1437891232 0.1437891232 0.1437891232 0.1437891232 0.1437891232 0.1437891232 0.1437891232 0.1437891232 0.1437891232 0.1437891232 0.0995463161 0.0884856143 0.1106070179 0.1216677197 0.1216677197 0.1216677197 0.0553035089
0.0721687836 0.0360843918 0.0360843918 0.0721687836 0.0360843918 0.1443375673 0.1082531755 0.1082531755 0.1443375673 0.1082531755 0.1443375673 0.0721687836 0.1082531755 0.0721687836 0.1443375673 0.1082531755 0.0721687836 0.1443375673 0.1082531755 0.1443375673 0.1443375673 0.1443375673 0.1443375673 0.1443375673 0.1443375673 0.1443375673 0.1443375673 0.1443375673 0.1443375673 0.1443375673 0.1443375673 0.1443375673 0.1082531755 0.1443375673 0.1443375673 0.1443375673 0.1443375673 0.1443375673 0.1443375673 0.1443375673 0.1443375673 0.1443375673 0.1443375673 0.1443375673 0.1443375673 0.1082531755 0.1443375673 0.1443375673 0.1082531755 0.1443375673 0.1082531755 0.1443375673 0.1443375673 0.1443375673 0.1443375673 0.1443375673 0.1443375673 0.0721687836 0.1082531755 0.0721687836 0.0721687836 0.1082531755 0.0360843918
0.0291111255 0.1455556274 0.0582222510 0.0291111255 0.0291111255 0.0873333765 0.1455556274 0.0873333765 0.0582222510 0.0582222510 0.1164445019 0.1455556274 0.1455556274 0.1455556274 0.1455556274 0.0873333765 0.0873333765 0.1455556274 0.0582222510 0.1164445019 0.1164445019 0.1455556274 0.1455556274 0.1455556274 0.1455556274 0.1164445019 0.1164445019 0.1455556274 0.0873333765 0.1455556274 0.1455556274 0.1455556274 0.1455556274 0.1455556274 0.1455556274 0.1455556274 0.1455556274 0.1164445019 0.1455556274 0.1455556274 0.1455556274 0.1455556274 0.1455556274 0.1164445019 0.1455556274 0.1455556274 0.1455556274 0.1455556274 0.1455556274 0.1455556274 0.1455556274 0.1455556274 0.1164445019 0.1164445019 0.1455556274 0.1455556274 0.1455556274 0.0873333765 0.0873333765 0.1164445019 0.1455556274 0.0873333765 0.0582222510
0.0826898231 0.0620173673 0.0620173673 0.0620173673 0.0620173673 0.0620173673 0.1033622788 0.1240347346 0.1240347346 0.1240347346 0.1240347346 0.1240347346 0.1033622788 0.1033622788 0.1240347346 0.1033622788 0.1240347346 0.1240347346 0.1033622788 0.1033622788 0.1240347346 0.1447071904 0.1240347346 0.1240347346 0.1447071904 0.1447071904 0.1447071904 0.1447071904 0.1447071904 0.1447071904 0.1447071904 0.1447071904 0.1447071904 0.1447071904 0.1240347346 0.1447071904 0.1447071904 0.1447071904 0.1447071904 0.1447071904 0.1447071904 0.1447071904 0.1240347346 0.1240347346 0.1240347346 0.1447071904 0.1240347346 0.1447071904 0.1447071904 0.1447071904 0.1447071904 0.1447071904 0.1447071904 0.1447071904 0.1447071904 0.1447071904 0.1033622788 0.1033622788 0.1033622788 0.1033622788 0.1240347346 0.1240347346 0.0620173673
0.0683553986 0.0546843189 0.0820264783 0.0683553986 0.0410132392 0.0888620182 0.1162041776 0.1230397175 0.1162041776 0.1025330979 0.1298752573 0.1093686378 0.1025330979 0.0956975580 0.1298752573 0.1367107972 0.1093686378 0.1298752573 0.1093686378 0.1230397175 0.1162041776 0.1435463371 0.1435463371 0.1298752573 0.1435463371 0.1435463371 0.1435463371 0.1435463371 0.1435463371 0.1435463371 0.1435463371 0.1435463371 0.1367107972 0.1435463371 0.1435463371 0.1435463371 0.1367107972 0.1435463371 0.1435463371 0.1435463371 0.1435463371 0.1435463371 0.1435463371 0.1298752573 0.1435463371 0.1367107972 0.1435463371 0.1435463371 0.1230397175 0.1435463371 0.1367107972 0.1435463371 0.1367107972 0.1367107972 0.1435463371 0.1367107972 0.1162041776 0.0888620182 0.1162041776 0.1162041776 0.0956975580 0.1025330979 0.0478487790
0.0719321515 0.0513801082 0.0513801082 0.0719321515 0.0513801082 0.0308280649 0.1130362381 0.1130362381 0.1438643031 0.1130362381 0.1027602165 0.1027602165 0.1130362381 0.1027602165 0.0822081732 0.1130362381 0.1027602165 0.0822081732 0.1130362381 0.1027602165 0.0822081732 0.1438643031 0.1438643031 0.1438643031 0.1438643031 0.1438643031 0.1438643031 0.1438643031 0.1438643031 0.1438643031 0.1438643031 0.1438643031 0.1438643031 0.1130362381 0.1438643031 0.1438643031 0.1130362381 0.1438643031 0.1438643031 0.1130362381 0.1438643031 0.1438643031 0.1438643031 0.1438643031 0.1438643031 0.1438643031 0.1438643031 0.1438643031 0.1438643031 0.1438643031 0.1438643031 0.1438643031 0.1438643031 0.1438643031 0.1438643031 0.1438643031 0.1335882814 0.1233122598 0.1335882814 0.1233122598 0.1233122598 0.1335882814 0.1027602165
