# 16 New Orbit Representatives - Integer Coordinates
# Each line is one 63-dimensional extreme ray in minimal integer form
# Format: ray_number: [coordinates]

# Orbit 1:
0 912600 1825201 912600 912600 912600 912600 1825201 912600 912600 912600 1825201 1825201 1825201 1825201 1825201 1825201 1825201 1825201 1825201 1825201 1825201 1825201 1825201 1825201 1825201 1825201 1825201 1825201 1825201 1825201 1825201 1825201 1825201 1825201 1825201 1825201 1825201 1825201 1825201 1825201 1825201 1825201 1825201 1825201 1825201 1825201 1825201 1825201 1825201 1825201 912600 912600 912600 1825201 912600 912600 912600 912600 1825201 912600 0 0

# Orbit 2:
0 813456 813456 813456 813456 813456 813456 813456 813456 813456 813456 1220185 1220185 1220185 1220185 1220185 1220185 1220185 1220185 1220185 1220185 1220185 1220185 1220185 1220185 1220185 1220185 1220185 1220185 1220185 1220185 1220185 1220185 1220185 1220185 1220185 1220185 1220185 1220185 1220185 1220185 1220185 1220185 1220185 1220185 1220185 1220185 1220185 1220185 1220185 1220185 813456 813456 813456 813456 813456 813456 813456 813456 813456 813456 0 0

# Orbit 3:
6 2 2 2 2 2 6 6 6 6 6 4 4 4 4 4 4 4 4 4 4 6 6 6 6 6 6 6 6 6 6 6 5 6 6 5 6 5 6 6 5 6 5 6 6 5 6 5 6 6 5 6 6 6 6 6 4 4 4 4 4 6 2

# Orbit 4:
0 0 0 1 0 1 0 0 1 0 1 0 1 0 1 1 0 1 1 1 1 0 1 0 1 1 0 1 1 1 1 1 0 1 1 1 1 1 1 1 1 1 0 1 1 1 1 1 1 1 1 1 1 1 1 1 1 1 1 1 1 1 1

# Orbit 5:
24463467405774420296 18347633274724000520 24463467405774420296 24463467405774420296 24463467405774420296 18347633274724000520 36695184614034498825 39753130777325372120 39753130777325372120 39753130777325372120 36695184614034498825 36695184614034498825 36695184614034498825 36695184614034498825 36695184614034498825 39753130777325372120 39753130777325372120 36695184614034498825 39753130777325372120 36695184614034498825 36695184614034498825 45869007716309920168 45869007716309920168 45869007716309920168 45869007716309920168 45869007716309920168 45869007716309920168 45869007716309920168 45869007716309920168 45869007716309920168 45869007716309920168 45869007716309920168 45869007716309920168 45869007716309920168 45869007716309920168 45869007716309920168 45869007716309920168 45869007716309920168 45869007716309920168 45869007716309920168 45869007716309920168 45869007716309920168 45869007716309920168 45869007716309920168 45869007716309920168 45869007716309920168 45869007716309920168 42811069834162204120 45869007716309920168 45869007716309920168 45869007716309920168 45869007716309920168 45869007716309920168 45869007716309920168 45869007716309920168 45869007716309920168 36695184614034498825 36695184614034498825 36695184614034498825 36695184614034498825 36695184614034498825 36695184614034498825 18347633274724000520

# Orbit 6:
1 1 3 2 1 1 2 3 3 2 2 3 3 2 2 3 3 3 3 3 2 3 3 3 3 3 3 3 3 3 3 3 3 3 3 3 3 3 3 3 3 2 3 3 3 3 3 2 2 3 3 2 2 3 3 2 1 1 2 3 1 1 0

# Orbit 7:
443614194176832 1330851667028247 443614194176832 443614194176832 887234795537600 443614194176832 1552660182346176 887234795537600 887234795537600 1330851667028247 887234795537600 1552660182346176 1774468889370996 1774468889370996 1774468889370996 887234795537600 1330851667028247 887234795537600 1330851667028247 887234795537600 1330851667028247 1774468889370996 1774468889370996 1774468889370996 1774468889370996 1330851667028247 1330851667028247 1330851667028247 1774468889370996 1330851667028247 1774468889370996 1774468889370996 1774468889370996 1774468889370996 1774468889370996 1774468889370996 1774468889370996 1774468889370996 1330851667028247 1774468889370996 1774468889370996 1774468889370996 1330851667028247 1774468889370996 1774468889370996 1774468889370996 1774468889370996 1774468889370996 1774468889370996 1774468889370996 1774468889370996 1774468889370996 1774468889370996 1774468889370996 1774468889370996 1774468889370996 1330851667028247 1774468889370996 1330851667028247 1552660182346176 1552660182346176 1552660182346176 1109042920150704

# Orbit 8:
2 2 3 3 3 2 4 5 5 5 4 4 5 4 4 5 6 5 5 4 5 6 6 6 5 6 6 6 6 6 6 6 6 6 6 5 6 6 6 6 6 6 6 6 6 6 6 6 6 6 6 6 6 6 6 5 5 5 5 5 5 4 3

# Orbit 9:
117878406796800 147348052224635 147348052224635 88408844974080 88408844974080 88408844974080 235756883559416 235756883559416 176817662669562 206287313765760 206287313765760 235756883559416 206287313765760 206287313765760 206287313765760 206287313765760 206287313765760 206287313765760 176817662669562 176817662669562 176817662669562 265226494004343 265226494004343 265226494004343 265226494004343 265226494004343 265226494004343 265226494004343 235756883559416 265226494004343 235756883559416 265226494004343 265226494004343 265226494004343 265226494004343 265226494004343 265226494004343 265226494004343 235756883559416 265226494004343 235756883559416 265226494004343 265226494004343 265226494004343 265226494004343 265226494004343 265226494004343 265226494004343 265226494004343 265226494004343 265226494004343 265226494004343 265226494004343 265226494004343 265226494004343 265226494004343 206287313765760 206287313765760 235756883559416 235756883559416 235756883559416 206287313765760 147348052224635

# Orbit 10:
1 2 2 3 2 2 3 3 4 3 3 4 4 3 3 4 3 3 4 4 4 4 4 4 4 4 4 4 4 4 4 4 4 4 4 4 4 4 4 4 4 4 4 4 3 3 4 3 3 4 4 3 3 4 3 3 2 2 3 2 2 1 0

# Orbit 11:
42839797167438533482920 48959763320427829447536 36719826143518742985360 30599861425291540193280 24479897173210966868675 24479897173210966868675 67319680033846228280544 73439652287037485970720 73439652287037485970720 67319680033846228280544 55079731425299201083680 67319680033846228280544 67319680033846228280544 67319680033846228280544 73439652287037485970720 67319680033846228280544 55079731425299201083680 55079731425299201083680 55079731425299201083680 48959763320427829447536 48959763320427829447536 79559614243218541305600 79559614243218541305600 79559614243218541305600 79559614243218541305600 79559614243218541305600 79559614243218541305600 79559614243218541305600 79559614243218541305600 79559614243218541305600 79559614243218541305600 79559614243218541305600 79559614243218541305600 79559614243218541305600 79559614243218541305600 79559614243218541305600 79559614243218541305600 79559614243218541305600 79559614243218541305600 67319680033846228280544 67319680033846228280544 61199704150534786809420 73439652287037485970720 79559614243218541305600 79559614243218541305600 79559614243218541305600 79559614243218541305600 79559614243218541305600 79559614243218541305600 79559614243218541305600 79559614243218541305600 79559614243218541305600 79559614243218541305600 79559614243218541305600 79559614243218541305600 79559614243218541305600 55079731425299201083680 48959763320427829447536 61199704150534786809420 67319680033846228280544 67319680033846228280544 67319680033846228280544 30599861425291540193280

# Orbit 12:
3851250 1925625 1925625 3851250 1925625 7702500 5776876 5776876 7702500 5776876 7702500 3851250 5776876 3851250 7702500 5776876 3851250 7702500 5776876 7702500 7702500 7702500 7702500 7702500 7702500 7702500 7702500 7702500 7702500 7702500 7702500 7702500 5776876 7702500 7702500 7702500 7702500 7702500 7702500 7702500 7702500 7702500 7702500 7702500 7702500 5776876 7702500 7702500 5776876 7702500 5776876 7702500 7702500 7702500 7702500 7702500 7702500 3851250 5776876 3851250 3851250 5776876 1925625

# Orbit 13:
197456535908775 987282495351493 394912983874409 197456535908775 197456535908775 592369512636434 987282495351493 592369512636434 394912983874409 394912983874409 789825967748818 987282495351493 987282495351493 987282495351493 987282495351493 592369512636434 592369512636434 987282495351493 394912983874409 789825967748818 789825967748818 987282495351493 987282495351493 987282495351493 987282495351493 789825967748818 789825967748818 987282495351493 592369512636434 987282495351493 987282495351493 987282495351493 987282495351493 987282495351493 987282495351493 987282495351493 987282495351493 789825967748818 987282495351493 987282495351493 987282495351493 987282495351493 987282495351493 789825967748818 987282495351493 987282495351493 987282495351493 987282495351493 987282495351493 987282495351493 987282495351493 987282495351493 789825967748818 789825967748818 987282495351493 987282495351493 987282495351493 592369512636434 592369512636434 789825967748818 987282495351493 592369512636434 394912983874409

# Orbit 14:
2369540 1777155 1777155 1777155 1777155 1777155 2961924 3554310 3554310 3554310 3554310 3554310 2961924 2961924 3554310 2961924 3554310 3554310 2961924 2961924 3554310 4146695 3554310 3554310 4146695 4146695 4146695 4146695 4146695 4146695 4146695 4146695 4146695 4146695 3554310 4146695 4146695 4146695 4146695 4146695 4146695 4146695 3554310 3554310 3554310 4146695 3554310 4146695 4146695 4146695 4146695 4146695 4146695 4146695 4146695 4146695 2961924 2961924 2961924 2961924 3554310 3554310 1777155

# Orbit 15:
77227856125414000024866796061685 61782284900331200019893436849348 92673496741817590296994744493760 77227856125414000024866796061685 46336748370908795148497372246880 100396219483221621726236970265920 131287341160130228404148886688620 139010101670400280735786177126320 131287341160130228404148886688620 115841733391139146934023112494720 146732917195508376946217504365008 123564569800662400039786873698696 115841733391139146934023112494720 108119007674821127262189527530200 146732917195508376946217504365008 154455712250828000049733592123370 123564569800662400039786873698696 146732917195508376946217504365008 123564569800662400039786873698696 139010101670400280735786177126320 131287341160130228404148886688620 162178473195528518778004510810515 162178473195528518778004510810515 146732917195508376946217504365008 162178473195528518778004510810515 162178473195528518778004510810515 162178473195528518778004510810515 162178473195528518778004510810515 162178473195528518778004510810515 162178473195528518778004510810515 162178473195528518778004510810515 162178473195528518778004510810515 154455712250828000049733592123370 162178473195528518778004510810515 162178473195528518778004510810515 162178473195528518778004510810515 154455712250828000049733592123370 162178473195528518778004510810515 162178473195528518778004510810515 162178473195528518778004510810515 162178473195528518778004510810515 162178473195528518778004510810515 162178473195528518778004510810515 146732917195508376946217504365008 162178473195528518778004510810515 154455712250828000049733592123370 162178473195528518778004510810515 162178473195528518778004510810515 139010101670400280735786177126320 162178473195528518778004510810515 154455712250828000049733592123370 162178473195528518778004510810515 154455712250828000049733592123370 154455712250828000049733592123370 162178473195528518778004510810515 154455712250828000049733592123370 131287341160130228404148886688620 100396219483221621726236970265920 131287341160130228404148886688620 131287341160130228404148886688620 108119007674821127262189527530200 115841733391139146934023112494720 54059480537657813338309249269528

# Orbit 16:
71395359819512661720353280 50996687994360993822048540 50996687994360993822048540 71395359819512661720353280 50996687994360993822048540 30598000964534491539788880 112192682581635997905780120 112192682581635997905780120 142790719639025323440706560 112192682581635997905780120 101993375988721987644097080 101993375988721987644097080 112192682581635997905780120 101993375988721987644097080 81594689508268636126610040 112192682581635997905780120 101993375988721987644097080 81594689508268636126610040 112192682581635997905780120 101993375988721987644097080 81594689508268636126610040 142790719639025323440706560 142790719639025323440706560 142790719639025323440706560 142790719639025323440706560 142790719639025323440706560 142790719639025323440706560 142790719639025323440706560 142790719639025323440706560 142790719639025323440706560 142790719639025323440706560 142790719639025323440706560 142790719639025323440706560 112192682581635997905780120 142790719639025323440706560 142790719639025323440706560 112192682581635997905780120 142790719639025323440706560 142790719639025323440706560 112192682581635997905780120 142790719639025323440706560 142790719639025323440706560 142790719639025323440706560 142790719639025323440706560 142790719639025323440706560 142790719639025323440706560 142790719639025323440706560 142790719639025323440706560 142790719639025323440706560 142790719639025323440706560 142790719639025323440706560 142790719639025323440706560 142790719639025323440706560 142790719639025323440706560 142790719639025323440706560 142790719639025323440706560 132591384432501310444797240 122392016368359797732149477 132591384432501310444797240 122392016368359797732149477 122392016368359797732149477 132591384432501310444797240 101993375988721987644097080

