0.0697863158 0.0697863158 0.0697863158 0.0697863158 0.0697863158 0.0697863158 0.1163105263 0.1163105263 0.1163105263 0.1163105263 0.1163105263 0.1163105263 0.1163105263 0.1163105263 0.1163105263 0.1163105263 0.1163105263 0.1163105263 0.1163105263 0.1163105263 0.1163105263 0.1395726316 0.1395726316 0.1395726316 0.1395726316 0.1395726316 0.1395726316 0.1395726316 0.1395726316 0.1395726316 0.1395726316 0.1395726316 0.1395726316 0.1395726316 0.1395726316 0.1395726316 0.1395726316 0.1395726316 0.1395726316 0.1395726316 0.1395726316 0.1395726316 0.1395726316 0.1395726316 0.1395726316 0.1395726316 0.1395726316 0.1395726316 0.1395726316 0.1395726316 0.1395726316 0.1395726316 0.1395726316 0.1395726316 0.1395726316 0.1395726316 0.1163105263 0.1163105263 0.1163105263 0.1163105263 0.1163105263 0.1163105263 0.0697863158
0.0845825812 0.0563883874 0.0563883874 0.0563883874 0.0563883874 0.0845825812 0.1127767749 0.1127767749 0.1127767749 0.1127767749 0.1409709686 0.1127767749 0.1127767749 0.1127767749 0.1127767749 0.1127767749 0.1127767749 0.1127767749 0.1127767749 0.1127767749 0.1127767749 0.1409709686 0.1409709686 0.1409709686 0.1409709686 0.1409709686 0.1409709686 0.1409709686 0.1409709686 0.1409709686 0.1409709686 0.1409709686 0.1409709686 0.1409709686 0.1409709686 0.1409709686 0.1409709686 0.1409709686 0.1409709686 0.1409709686 0.1409709686 0.1409709686 0.1409709686 0.1409709686 0.1409709686 0.1409709686 0.1409709686 0.1409709686 0.1409709686 0.1409709686 0.1409709686 0.1409709686 0.1409709686 0.1409709686 0.1409709686 0.1409709686 0.1127767749 0.1127767749 0.1127767749 0.1127767749 0.1127767749 0.1127767749 0.0563883874
0.0953462589 0.0953462589 0.0953462589 0.0000000000 0.0953462589 0.0953462589 0.1430193884 0.1430193884 0.0953462589 0.1430193884 0.1430193884 0.1430193884 0.0953462589 0.1430193884 0.1430193884 0.0953462589 0.1430193884 0.1430193884 0.0953462589 0.0953462589 0.1430193884 0.1430193884 0.1430193884 0.1430193884 0.1430193884 0.1430193884 0.1430193884 0.1430193884 0.1430193884 0.1430193884 0.1430193884 0.1430193884 0.1430193884 0.1430193884 0.1430193884 0.1430193884 0.1430193884 0.1430193884 0.1430193884 0.1430193884 0.1430193884 0.1430193884 0.0953462589 0.0953462589 0.1430193884 0.1430193884 0.0953462589 0.1430193884 0.1430193884 0.0953462589 0.1430193884 0.1430193884 0.1430193884 0.0953462589 0.1430193884 0.1430193884 0.0953462589 0.0953462589 -0.0000000000 0.0953462589 0.0953462589 0.0953462589 -0.0000000000
0.0316148739 0.0632297477 0.0632297477 0.0948446216 0.0632297477 0.0632297477 0.0948446216 0.0948446216 0.1106520585 0.0948446216 0.0948446216 0.1106520585 0.1264594955 0.1106520585 0.1106520585 0.1264594955 0.1106520585 0.1106520585 0.1264594955 0.1264594955 0.1106520585 0.1264594955 0.1422669324 0.1264594955 0.1264594955 0.1422669324 0.1264594955 0.1264594955 0.1422669324 0.1422669324 0.1264594955 0.1422669324 0.1422669324 0.1422669324 0.1422669324 0.1422669324 0.1422669324 0.1422669324 0.1422669324 0.1422669324 0.1422669324 0.1422669324 0.1422669324 0.1422669324 0.1422669324 0.1422669324 0.1422669324 0.1422669324 0.1422669324 0.1422669324 0.1422669324 0.1422669324 0.1422669324 0.1422669324 0.1422669324 0.1422669324 0.1264594955 0.1264594955 0.1422669324 0.1264594955 0.1264594955 0.1106520585 0.0948446216
0.0473513724 0.0473513724 0.0947027448 0.0473513724 0.0947027448 0.0473513724 0.0947027448 0.1183784310 0.0947027448 0.1183784310 0.0947027448 0.1183784310 0.0947027448 0.1183784310 0.0947027448 0.1183784310 0.1420541171 0.1183784310 0.1183784310 0.0947027448 0.1183784310 0.1420541171 0.1183784310 0.1420541171 0.1183784310 0.1420541171 0.1420541171 0.1420541171 0.1420541171 0.1183784310 0.1420541171 0.1420541171 0.1420541171 0.1420541171 0.1420541171 0.1183784310 0.1420541171 0.1420541171 0.1420541171 0.1420541171 0.1420541171 0.1420541171 0.1420541171 0.1420541171 0.1420541171 0.1420541171 0.1420541171 0.1420541171 0.1420541171 0.1420541171 0.1420541171 0.1420541171 0.1420541171 0.1420541171 0.1420541171 0.1420541171 0.1183784310 0.1420541171 0.1183784310 0.1420541171 0.1183784310 0.1183784310 0.0947027448
0.0953462589 0.0000000000 0.0000000000 0.0953462589 0.0953462589 0.0953462589 0.0953462589 0.0953462589 0.1430193884 0.1430193884 0.1430193884 -0.0000000000 0.0953462589 0.0953462589 0.0953462589 0.0953462589 0.0953462589 0.0953462589 0.1430193884 0.1430193884 0.1430193884 0.0953462589 0.1430193884 0.1430193884 0.1430193884 0.1430193884 0.1430193884 0.1430193884 0.1430193884 0.1430193884 0.1430193884 0.0953462589 0.0953462589 0.0953462589 0.1430193884 0.1430193884 0.1430193884 0.1430193884 0.1430193884 0.1430193884 0.1430193884 0.1430193884 0.1430193884 0.1430193884 0.1430193884 0.1430193884 0.1430193884 0.1430193884 0.1430193884 0.1430193884 0.0953462589 0.1430193884 0.1430193884 0.1430193884 0.1430193884 0.1430193884 0.1430193884 0.1430193884 0.1430193884 0.0953462589 0.0953462589 0.1430193884 0.0953462589
0.0947027448 0.0473513724 0.0473513724 0.0947027448 0.0473513724 0.0947027448 0.1183784310 0.1183784310 0.1420541171 0.1183784310 0.1420541171 0.0947027448 0.1183784310 0.0947027448 0.1183784310 0.1183784310 0.0947027448 0.1183784310 0.1183784310 0.1420541171 0.1183784310 0.1420541171 0.1420541171 0.1420541171 0.1420541171 0.1420541171 0.1420541171 0.1420541171 0.1420541171 0.1420541171 0.1420541171 0.1420541171 0.1183784310 0.1420541171 0.1420541171 0.1420541171 0.1420541171 0.1420541171 0.1420541171 0.1420541171 0.1420541171 0.1420541171 0.1420541171 0.1420541171 0.1420541171 0.1183784310 0.1420541171 0.1420541171 0.1183784310 0.1420541171 0.1183784310 0.1420541171 0.1420541171 0.1420541171 0.1420541171 0.1420541171 0.1183784310 0.0947027448 0.1183784310 0.0947027448 0.0947027448 0.1183784310 0.0473513724
0.0947027448 0.0473513724 0.0947027448 0.0473513724 0.0947027448 0.0473513724 0.1183784310 0.1420541171 0.1183784310 0.1420541171 0.1183784310 0.1183784310 0.0947027448 0.1183784310 0.0947027448 0.1183784310 0.1420541171 0.1183784310 0.1183784310 0.0947027448 0.1183784310 0.1420541171 0.1420541171 0.1420541171 0.1420541171 0.1420541171 0.1420541171 0.1420541171 0.1420541171 0.1420541171 0.1420541171 0.1420541171 0.1420541171 0.1420541171 0.1420541171 0.1183784310 0.1420541171 0.1420541171 0.1420541171 0.1420541171 0.1420541171 0.1420541171 0.1183784310 0.1420541171 0.1420541171 0.1420541171 0.1420541171 0.1183784310 0.1420541171 0.1183784310 0.1420541171 0.1420541171 0.1420541171 0.1420541171 0.1420541171 0.1420541171 0.0947027448 0.1183784310 0.0947027448 0.1183784310 0.0947027448 0.1183784310 0.0473513724
0.0953462589 0.0953462589 0.0953462589 0.0000000000 -0.0000000000 0.0953462589 0.1430193884 0.1430193884 0.0953462589 0.0953462589 0.1430193884 0.1430193884 0.0953462589 0.0953462589 0.1430193884 0.0953462589 0.0953462589 0.1430193884 -0.0000000000 0.0953462589 0.0953462589 0.1430193884 0.1430193884 0.1430193884 0.1430193884 0.1430193884 0.1430193884 0.1430193884 0.0953462589 0.1430193884 0.1430193884 0.1430193884 0.1430193884 0.1430193884 0.0953462589 0.1430193884 0.1430193884 0.0953462589 0.1430193884 0.1430193884 0.0953462589 0.1430193884 0.1430193884 0.0953462589 0.1430193884 0.1430193884 0.1430193884 0.1430193884 0.1430193884 0.1430193884 0.1430193884 0.1430193884 0.1430193884 0.1430193884 0.1430193884 0.1430193884 0.1430193884 0.0953462589 0.0953462589 0.1430193884 0.1430193884 0.1430193884 0.0953462589
0.0953462589 0.0953462589 0.0000000000 0.0953462589 0.0000000000 0.0953462589 0.1430193884 0.0953462589 0.1430193884 0.0953462589 0.1430193884 0.0953462589 0.1430193884 0.0953462589 0.1430193884 0.0953462589 0.0000000000 0.0953462589 0.0953462589 0.1430193884 0.0953462589 0.1430193884 0.1430193884 0.1430193884 0.1430193884 0.1430193884 0.0953462589 0.1430193884 0.1430193884 0.1430193884 0.1430193884 0.1430193884 0.0953462589 0.1430193884 0.1430193884 0.1430193884 0.1430193884 0.0953462589 0.1430193884 0.0953462589 0.1430193884 0.1430193884 0.1430193884 0.1430193884 0.1430193884 0.0953462589 0.1430193884 0.1430193884 0.1430193884 0.1430193884 0.1430193884 0.1430193884 0.1430193884 0.1430193884 0.1430193884 0.1430193884 0.1430193884 0.0953462589 0.1430193884 0.0953462589 0.1430193884 0.1430193884 0.0953462589
0.0947027448 0.0473513724 0.0473513724 0.0947027448 0.0947027448 0.0473513724 0.1183784310 0.1183784310 0.1420541171 0.1420541171 0.1183784310 0.0947027448 0.1183784310 0.1183784310 0.0947027448 0.1183784310 0.1183784310 0.0947027448 0.1420541171 0.1183784310 0.1183784310 0.1420541171 0.1420541171 0.1420541171 0.1420541171 0.1420541171 0.1420541171 0.1420541171 0.1420541171 0.1420541171 0.1420541171 0.1420541171 0.1420541171 0.1183784310 0.1420541171 0.1420541171 0.1420541171 0.1420541171 0.1420541171 0.1420541171 0.1420541171 0.1420541171 0.1420541171 0.1420541171 0.1183784310 0.1420541171 0.1420541171 0.1183784310 0.1420541171 0.1420541171 0.1183784310 0.1420541171 0.1420541171 0.1420541171 0.1420541171 0.1420541171 0.0947027448 0.1183784310 0.1183784310 0.0947027448 0.0947027448 0.1183784310 0.0473513724
0.0721687836 0.1443375673 0.0721687836 -0.0000000000 0.0721687836 -0.0000000000 0.1443375673 0.1443375673 0.0721687836 0.1443375673 0.0721687836 0.1443375673 0.1443375673 0.1443375673 0.1443375673 0.0721687836 0.1443375673 0.0721687836 0.0721687836 -0.0000000000 0.0721687836 0.1443375673 0.1443375673 0.1443375673 0.1443375673 0.1443375673 0.1443375673 0.1443375673 0.1443375673 0.0721687836 0.1443375673 0.1443375673 0.1443375673 0.1443375673 0.1443375673 0.1443375673 0.1443375673 0.1443375673 0.0721687836 0.1443375673 0.0721687836 0.1443375673 0.0721687836 0.1443375673 0.1443375673 0.1443375673 0.1443375673 0.1443375673 0.1443375673 0.1443375673 0.1443375673 0.1443375673 0.1443375673 0.1443375673 0.1443375673 0.1443375673 0.0721687836 0.1443375673 0.0721687836 0.1443375673 0.1443375673 0.1443375673 0.0721687836
0.0000000000 0.0721687836 0.0721687836 0.0721687836 0.1443375673 0.0721687836 0.0721687836 0.0721687836 0.0721687836 0.1443375673 0.0721687836 0.1443375673 0.1443375673 0.1443375673 0.1443375673 0.1443375673 0.1443375673 0.1443375673 0.1443375673 0.1443375673 0.1443375673 0.1443375673 0.1443375673 0.1443375673 0.1443375673 0.1443375673 0.1443375673 0.1443375673 0.1443375673 0.1443375673 0.1443375673 0.1443375673 0.1443375673 0.1443375673 0.1443375673 0.1443375673 0.1443375673 0.1443375673 0.1443375673 0.1443375673 0.1443375673 0.1443375673 0.1443375673 0.1443375673 0.1443375673 0.1443375673 0.1443375673 0.1443375673 0.1443375673 0.1443375673 0.1443375673 0.0721687836 0.1443375673 0.0721687836 0.0721687836 0.0721687836 0.0721687836 0.1443375673 0.0721687836 0.0721687836 0.0721687836 0.0000000000 0.0000000000
0.0473513724 0.0473513724 0.0473513724 0.0473513724 0.0947027448 0.0947027448 0.0947027448 0.0947027448 0.0947027448 0.1183784310 0.1183784310 0.0947027448 0.0947027448 0.1183784310 0.1183784310 0.0947027448 0.1183784310 0.1183784310 0.1183784310 0.1183784310 0.1420541171 0.1183784310 0.1183784310 0.1420541171 0.1420541171 0.1183784310 0.1420541171 0.1420541171 0.1420541171 0.1420541171 0.1420541171 0.1183784310 0.1420541171 0.1420541171 0.1420541171 0.1420541171 0.1420541171 0.1420541171 0.1420541171 0.1420541171 0.1420541171 0.1420541171 0.1420541171 0.1420541171 0.1420541171 0.1420541171 0.1420541171 0.1420541171 0.1420541171 0.1420541171 0.1420541171 0.1420541171 0.1420541171 0.1420541171 0.1420541171 0.1420541171 0.1420541171 0.1420541171 0.1183784310 0.1183784310 0.1183784310 0.1183784310 0.0947027448
0.0707893767 0.0707893767 0.0471929178 0.0943858356 0.0471929178 0.0707893767 0.1179822945 0.1061840651 0.1297805240 0.1061840651 0.1179822945 0.1061840651 0.1297805240 0.1061840651 0.1179822945 0.1179822945 0.0943858356 0.1061840651 0.1179822945 0.1297805240 0.1061840651 0.1415787535 0.1415787535 0.1415787535 0.1415787535 0.1415787535 0.1297805240 0.1415787535 0.1415787535 0.1415787535 0.1415787535 0.1415787535 0.1297805240 0.1415787535 0.1415787535 0.1415787535 0.1415787535 0.1415787535 0.1415787535 0.1297805240 0.1415787535 0.1415787535 0.1415787535 0.1415787535 0.1415787535 0.1297805240 0.1415787535 0.1415787535 0.1415787535 0.1415787535 0.1415787535 0.1415787535 0.1415787535 0.1415787535 0.1415787535 0.1415787535 0.1179822945 0.1061840651 0.1297805240 0.1061840651 0.1179822945 0.1179822945 0.0707893767
0.0705978118 0.0705978118 0.0564782495 0.0705978118 0.0564782495 0.0564782495 0.1129564989 0.1129564989 0.1129564989 0.1129564989 0.1129564989 0.1129564989 0.1129564989 0.1129564989 0.1129564989 0.1129564989 0.1129564989 0.1129564989 0.1129564989 0.1129564989 0.1129564989 0.1411956237 0.1270760613 0.1411956237 0.1411956237 0.1411956237 0.1411956237 0.1411956237 0.1411956237 0.1411956237 0.1411956237 0.1411956237 0.1411956237 0.1411956237 0.1411956237 0.1411956237 0.1411956237 0.1411956237 0.1411956237 0.1270760613 0.1411956237 0.1411956237 0.1411956237 0.1411956237 0.1411956237 0.1411956237 0.1411956237 0.1411956237 0.1411956237 0.1411956237 0.1411956237 0.1411956237 0.1411956237 0.1411956237 0.1411956237 0.1411956237 0.1129564989 0.1129564989 0.1270760613 0.1129564989 0.1270760613 0.1270760613 0.0847173742
0.0953462589 0.0953462589 0.0953462589 0.0953462589 0.0000000000 0.0000000000 0.1430193884 0.1430193884 0.1430193884 0.0953462589 0.0953462589 0.1430193884 0.1430193884 0.0953462589 0.0953462589 0.1430193884 0.0953462589 0.0953462589 0.0953462589 0.0953462589 -0.0000000000 0.1430193884 0.1430193884 0.1430193884 0.1430193884 0.1430193884 0.1430193884 0.1430193884 0.1430193884 0.1430193884 0.0953462589 0.1430193884 0.1430193884 0.1430193884 0.1430193884 0.1430193884 0.0953462589 0.1430193884 0.1430193884 0.0953462589 0.0953462589 0.0953462589 0.1430193884 0.1430193884 0.1430193884 0.1430193884 0.1430193884 0.1430193884 0.1430193884 0.1430193884 0.1430193884 0.1430193884 0.1430193884 0.1430193884 0.1430193884 0.1430193884 0.0953462589 0.0953462589 0.1430193884 0.1430193884 0.1430193884 0.1430193884 0.0953462589
0.0000000000 0.0953462589 -0.0000000000 0.0953462589 0.0953462589 0.0953462589 0.0953462589 -0.0000000000 0.0953462589 0.0953462589 0.0953462589 0.0953462589 0.1430193884 0.1430193884 0.1430193884 0.0953462589 0.0953462589 0.0953462589 0.1430193884 0.1430193884 0.1430193884 0.0953462589 0.1430193884 0.1430193884 0.1430193884 0.0953462589 0.0953462589 0.0953462589 0.1430193884 0.1430193884 0.1430193884 0.1430193884 0.1430193884 0.1430193884 0.1430193884 0.1430193884 0.1430193884 0.1430193884 0.1430193884 0.1430193884 0.1430193884 0.1430193884 0.1430193884 0.1430193884 0.1430193884 0.1430193884 0.1430193884 0.1430193884 0.1430193884 0.1430193884 0.1430193884 0.1430193884 0.1430193884 0.1430193884 0.0953462589 0.1430193884 0.1430193884 0.1430193884 0.1430193884 0.0953462589 0.1430193884 0.0953462589 0.0953462589
0.0473513724 0.0473513724 0.0947027448 0.0473513724 0.0473513724 0.0947027448 0.0947027448 0.1183784310 0.0947027448 0.0947027448 0.1183784310 0.1183784310 0.0947027448 0.0947027448 0.1183784310 0.1183784310 0.1183784310 0.1420541171 0.0947027448 0.1183784310 0.1183784310 0.1420541171 0.1183784310 0.1183784310 0.1420541171 0.1420541171 0.1420541171 0.1420541171 0.1183784310 0.1420541171 0.1420541171 0.1420541171 0.1420541171 0.1420541171 0.1183784310 0.1420541171 0.1420541171 0.1420541171 0.1420541171 0.1420541171 0.1420541171 0.1420541171 0.1420541171 0.1420541171 0.1420541171 0.1420541171 0.1420541171 0.1420541171 0.1420541171 0.1420541171 0.1420541171 0.1420541171 0.1420541171 0.1420541171 0.1420541171 0.1420541171 0.1420541171 0.1183784310 0.1183784310 0.1420541171 0.1183784310 0.1183784310 0.0947027448
0.0947027448 0.0947027448 0.0473513724 0.0473513724 0.0473513724 0.0473513724 0.1420541171 0.1183784310 0.1183784310 0.1183784310 0.1183784310 0.1183784310 0.1183784310 0.1183784310 0.1183784310 0.0947027448 0.0947027448 0.0947027448 0.0947027448 0.0947027448 0.0947027448 0.1420541171 0.1420541171 0.1420541171 0.1420541171 0.1420541171 0.1420541171 0.1420541171 0.1420541171 0.1420541171 0.1420541171 0.1420541171 0.1420541171 0.1420541171 0.1420541171 0.1420541171 0.1420541171 0.1183784310 0.1183784310 0.1183784310 0.1183784310 0.1420541171 0.1420541171 0.1420541171 0.1420541171 0.1420541171 0.1420541171 0.1420541171 0.1420541171 0.1420541171 0.1420541171 0.1420541171 0.1420541171 0.1420541171 0.1420541171 0.1420541171 0.1183784310 0.1183784310 0.1183784310 0.1183784310 0.1420541171 0.1420541171 0.0947027448
0.0953462589 0.0953462589 0.0000000000 0.0953462589 0.0953462589 0.0953462589 0.1430193884 0.0953462589 0.1430193884 0.1430193884 0.1430193884 0.0953462589 0.1430193884 0.1430193884 0.1430193884 0.0953462589 0.0953462589 0.0953462589 0.1430193884 0.1430193884 0.1430193884 0.1430193884 0.1430193884 0.1430193884 0.1430193884 0.1430193884 0.1430193884 0.1430193884 0.1430193884 0.1430193884 0.1430193884 0.1430193884 0.1430193884 0.1430193884 0.1430193884 0.1430193884 0.1430193884 0.1430193884 0.1430193884 0.1430193884 0.1430193884 0.1430193884 0.1430193884 0.1430193884 0.0953462589 0.0953462589 0.0953462589 0.1430193884 0.1430193884 0.1430193884 0.0953462589 0.1430193884 0.1430193884 0.1430193884 0.0953462589 0.1430193884 0.0953462589 0.0953462589 0.0953462589 -0.0000000000 0.0953462589 0.0953462589 0.0000000000
0.0473513724 0.0473513724 0.0473513724 0.0947027448 0.0947027448 0.0947027448 0.0947027448 0.0947027448 0.1183784310 0.1183784310 0.1183784310 0.0947027448 0.1183784310 0.1183784310 0.1183784310 0.1183784310 0.1183784310 0.1183784310 0.1420541171 0.1420541171 0.1420541171 0.1183784310 0.1420541171 0.1420541171 0.1420541171 0.1420541171 0.1420541171 0.1420541171 0.1420541171 0.1420541171 0.1420541171 0.1420541171 0.1420541171 0.1420541171 0.1420541171 0.1420541171 0.1420541171 0.1420541171 0.1420541171 0.1420541171 0.1420541171 0.1420541171 0.1420541171 0.1420541171 0.1420541171 0.1420541171 0.1420541171 0.1420541171 0.1420541171 0.1420541171 0.1183784310 0.1420541171 0.1420541171 0.1420541171 0.1183784310 0.1183784310 0.1183784310 0.1183784310 0.1183784310 0.0947027448 0.0947027448 0.0947027448 0.0473513724
-0.0000000000 0.0953462589 0.0953462589 0.0953462589 0.0953462589 -0.0000000000 0.0953462589 0.0953462589 0.0953462589 0.0953462589 -0.0000000000 0.1430193884 0.1430193884 0.1430193884 0.0953462589 0.1430193884 0.1430193884 0.0953462589 0.1430193884 0.0953462589 0.0953462589 0.1430193884 0.1430193884 0.1430193884 0.0953462589 0.1430193884 0.1430193884 0.0953462589 0.1430193884 0.0953462589 0.0953462589 0.1430193884 0.1430193884 0.1430193884 0.1430193884 0.1430193884 0.1430193884 0.1430193884 0.1430193884 0.1430193884 0.1430193884 0.1430193884 0.1430193884 0.1430193884 0.1430193884 0.1430193884 0.1430193884 0.1430193884 0.1430193884 0.1430193884 0.1430193884 0.0953462589 0.1430193884 0.1430193884 0.1430193884 0.1430193884 0.0953462589 0.1430193884 0.1430193884 0.1430193884 0.1430193884 0.0953462589 0.0953462589
0.0000000000 0.0721687836 0.1443375673 0.0721687836 0.0721687836 0.0000000000 0.0721687836 0.1443375673 0.0721687836 0.0721687836 -0.0000000000 0.1443375673 0.1443375673 0.1443375673 0.0721687836 0.1443375673 0.1443375673 0.1443375673 0.1443375673 0.0721687836 0.0721687836 0.1443375673 0.1443375673 0.1443375673 0.0721687836 0.1443375673 0.1443375673 0.1443375673 0.1443375673 0.0721687836 0.0721687836 0.1443375673 0.1443375673 0.1443375673 0.1443375673 0.1443375673 0.1443375673 0.1443375673 0.1443375673 0.1443375673 0.1443375673 0.1443375673 0.1443375673 0.1443375673 0.1443375673 0.1443375673 0.1443375673 0.1443375673 0.1443375673 0.1443375673 0.1443375673 0.0721687836 0.1443375673 0.1443375673 0.1443375673 0.1443375673 0.0721687836 0.1443375673 0.1443375673 0.1443375673 0.1443375673 0.0721687836 0.0721687836
0.0473513724 0.0473513724 0.0947027448 0.0947027448 0.0473513724 0.0473513724 0.0947027448 0.1183784310 0.1183784310 0.0947027448 0.0947027448 0.1183784310 0.1183784310 0.0947027448 0.0947027448 0.1420541171 0.1183784310 0.1183784310 0.1183784310 0.1183784310 0.0947027448 0.1420541171 0.1420541171 0.1183784310 0.1183784310 0.1420541171 0.1420541171 0.1420541171 0.1420541171 0.1420541171 0.1183784310 0.1420541171 0.1420541171 0.1420541171 0.1420541171 0.1420541171 0.1183784310 0.1420541171 0.1420541171 0.1420541171 0.1420541171 0.1420541171 0.1420541171 0.1420541171 0.1420541171 0.1420541171 0.1420541171 0.1420541171 0.1420541171 0.1420541171 0.1420541171 0.1420541171 0.1420541171 0.1420541171 0.1420541171 0.1420541171 0.1183784310 0.1183784310 0.1420541171 0.1420541171 0.1183784310 0.1183784310 0.0947027448
0.0953462589 0.0000000000 0.0953462589 0.0953462589 0.0953462589 -0.0000000000 0.0953462589 0.1430193884 0.1430193884 0.1430193884 0.0953462589 0.0953462589 0.0953462589 0.0953462589 -0.0000000000 0.1430193884 0.1430193884 0.0953462589 0.1430193884 0.0953462589 0.0953462589 0.1430193884 0.1430193884 0.1430193884 0.0953462589 0.1430193884 0.1430193884 0.1430193884 0.1430193884 0.1430193884 0.1430193884 0.1430193884 0.1430193884 0.0953462589 0.1430193884 0.0953462589 0.0953462589 0.1430193884 0.1430193884 0.1430193884 0.1430193884 0.1430193884 0.1430193884 0.1430193884 0.1430193884 0.1430193884 0.1430193884 0.0953462589 0.1430193884 0.1430193884 0.1430193884 0.1430193884 0.1430193884 0.1430193884 0.1430193884 0.1430193884 0.0953462589 0.1430193884 0.1430193884 0.1430193884 0.0953462589 0.1430193884 0.0953462589
0.0947027448 0.0947027448 0.0473513724 0.0473513724 0.0947027448 0.0473513724 0.1420541171 0.1183784310 0.1183784310 0.1420541171 0.1183784310 0.1183784310 0.1183784310 0.1420541171 0.1183784310 0.0947027448 0.1183784310 0.0947027448 0.1183784310 0.0947027448 0.1183784310 0.1420541171 0.1420541171 0.1420541171 0.1420541171 0.1420541171 0.1420541171 0.1420541171 0.1420541171 0.1420541171 0.1420541171 0.1420541171 0.1420541171 0.1420541171 0.1420541171 0.1420541171 0.1420541171 0.1420541171 0.1183784310 0.1420541171 0.1420541171 0.1420541171 0.1183784310 0.1420541171 0.1183784310 0.1420541171 0.1183784310 0.1420541171 0.1420541171 0.1420541171 0.1420541171 0.1420541171 0.1420541171 0.1420541171 0.1420541171 0.1420541171 0.0947027448 0.1183784310 0.0947027448 0.0947027448 0.1183784310 0.1183784310 0.0473513724
0.0947027448 0.0473513724 0.0473513724 0.0473513724 0.0947027448 0.0947027448 0.1183784310 0.1183784310 0.1183784310 0.1420541171 0.1420541171 0.0947027448 0.0947027448 0.1183784310 0.1183784310 0.0947027448 0.1183784310 0.1183784310 0.1183784310 0.1183784310 0.1420541171 0.1420541171 0.1420541171 0.1420541171 0.1420541171 0.1420541171 0.1420541171 0.1420541171 0.1420541171 0.1420541171 0.1420541171 0.1183784310 0.1420541171 0.1420541171 0.1420541171 0.1420541171 0.1420541171 0.1420541171 0.1420541171 0.1420541171 0.1420541171 0.1420541171 0.1420541171 0.1420541171 0.1420541171 0.1420541171 0.1183784310 0.1420541171 0.1420541171 0.1183784310 0.1183784310 0.1420541171 0.1420541171 0.1420541171 0.1420541171 0.1420541171 0.1183784310 0.1183784310 0.0947027448 0.0947027448 0.0947027448 0.1183784310 0.0473513724
0.0485642931 0.0485642931 0.0000000000 0.0971285862 0.0485642931 0.0485642931 0.0971285862 0.0485642931 0.1456928794 0.0971285862 0.0971285862 0.0485642931 0.1456928794 0.0971285862 0.0971285862 0.0971285862 0.0485642931 0.0485642931 0.1456928794 0.1456928794 0.0971285862 0.0971285862 0.1456928794 0.1456928794 0.1456928794 0.1456928794 0.0971285862 0.0971285862 0.1456928794 0.1456928794 0.1456928794 0.1456928794 0.0971285862 0.0971285862 0.1456928794 0.1456928794 0.1456928794 0.1456928794 0.1456928794 0.0971285862 0.1456928794 0.1456928794 0.1456928794 0.1456928794 0.1456928794 0.1456928794 0.1456928794 0.1456928794 0.1456928794 0.1456928794 0.1456928794 0.1456928794 0.1456928794 0.1456928794 0.1456928794 0.1456928794 0.1456928794 0.1456928794 0.1456928794 0.1456928794 0.1456928794 0.1456928794 0.1456928794
